barcodes	Number of mRNA transcripts	Number of genes	Percentage of mitochondrial genes	Orig ident	CloneType	CloneType quantity	Sample run	Sample ID	Subject ID	Condition	Tissue	Gender	Storage technique	Author's cell type	Cell source	Sequencing platform	Quantification	Age	Dx	DxELN Cytogenetic	Cytogenetics	FAB	BM Blasts	BMT in CR1	Risk	Reason	Age group	Sampling technique	Sampling site	Genome	Cell sorting	chosen_cells	simplified_celltype	X_UMAP	Y_UMAP
AAACCTGCATGGAATA-1	1359.0	733.0	0.03826343	2020-03-18-82	Large (0.01 < X <= 0.1)	Medium (5 < X <= 20)	X2020.03.18.82	Control0082_BM_Tcells	Control0082	Normal	 Bone marrow mononuclear cells (BMMCs)	male	Fresh frozen	CD8+ GZMK+	mononuclear cells	5' Chromium Single Cell	CellRanger v.5.0	19 years	Unassigned	Unassigned	Unassigned	Unassigned	Unassigned	Unassigned	Unassigned	Unassigned	Control young	Aspirate	Normal	GRCh38	enriched using a pan T-cell isolation kit/sorted for live CD45+CD3+ cells	True	terminal effector T cells	2.3433518	-1.0592996
AAACGGGAGTCGCCGT-1	2245.0	1006.0	0.023608018	2020-03-18-82	Small (0 < X <= 0.01)	Single (0 < X <= 1)	X2020.03.18.82	Control0082_BM_Tcells	Control0082	Normal	 Bone marrow mononuclear cells (BMMCs)	male	Fresh frozen	CD8+ NK-like	mononuclear cells	5' Chromium Single Cell	CellRanger v.5.0	19 years	Unassigned	Unassigned	Unassigned	Unassigned	Unassigned	Unassigned	Unassigned	Unassigned	Control young	Aspirate	Normal	GRCh38	enriched using a pan T-cell isolation kit/sorted for live CD45+CD3+ cells	True	terminal effector T cells	4.697548	2.0047405
AAACGGGTCTACGAGT-1	3996.0	1372.0	0.02977978	2020-03-18-82	Small (0 < X <= 0.01)	Single (0 < X <= 1)	X2020.03.18.82	Control0082_BM_Tcells	Control0082	Normal	 Bone marrow mononuclear cells (BMMCs)	male	Fresh frozen	CD4+ central memory T (CD4+ TCM)	mononuclear cells	5' Chromium Single Cell	CellRanger v.5.0	19 years	Unassigned	Unassigned	Unassigned	Unassigned	Unassigned	Unassigned	Unassigned	Unassigned	Control young	Aspirate	Normal	GRCh38	enriched using a pan T-cell isolation kit/sorted for live CD45+CD3+ cells	True	naive / central memory T cells	-5.3548193	2.3669991
AAAGCAACAATGCCAT-1	3080.0	1169.0	0.016558442	2020-03-18-82	Small (0 < X <= 0.01)	Single (0 < X <= 1)	X2020.03.18.82	Control0082_BM_Tcells	Control0082	Normal	 Bone marrow mononuclear cells (BMMCs)	male	Fresh frozen	CD4+ central memory T (CD4+ TCM)	mononuclear cells	5' Chromium Single Cell	CellRanger v.5.0	19 years	Unassigned	Unassigned	Unassigned	Unassigned	Unassigned	Unassigned	Unassigned	Unassigned	Control young	Aspirate	Normal	GRCh38	enriched using a pan T-cell isolation kit/sorted for live CD45+CD3+ cells	True	naive / central memory T cells	-5.738176	2.5744705
AAAGCAACACATCCGG-1	4781.0	1700.0	0.023426061	2020-03-18-82	Small (0 < X <= 0.01)	Single (0 < X <= 1)	X2020.03.18.82	Control0082_BM_Tcells	Control0082	Normal	 Bone marrow mononuclear cells (BMMCs)	male	Fresh frozen	Mucosal-associated invariant T (MAIT)	mononuclear cells	5' Chromium Single Cell	CellRanger v.5.0	19 years	Unassigned	Unassigned	Unassigned	Unassigned	Unassigned	Unassigned	Unassigned	Unassigned	Control young	Aspirate	Normal	GRCh38	enriched using a pan T-cell isolation kit/sorted for live CD45+CD3+ cells	True	transitional T cells	-2.516781	3.5738513
AAAGTAGGTAGAGGAA-1	3036.0	1159.0	0.019433465	2020-03-18-82	Small (0 < X <= 0.01)	Single (0 < X <= 1)	X2020.03.18.82	Control0082_BM_Tcells	Control0082	Normal	 Bone marrow mononuclear cells (BMMCs)	male	Fresh frozen	CD8+ Naive	mononuclear cells	5' Chromium Single Cell	CellRanger v.5.0	19 years	Unassigned	Unassigned	Unassigned	Unassigned	Unassigned	Unassigned	Unassigned	Unassigned	Control young	Aspirate	Normal	GRCh38	enriched using a pan T-cell isolation kit/sorted for live CD45+CD3+ cells	True	naive / central memory T cells	-2.608862	-1.803907
AACACGTCAGCGTAAG-1	2329.0	1022.0	0.04765994	2020-03-18-82	Small (0 < X <= 0.01)	Single (0 < X <= 1)	X2020.03.18.82	Control0082_BM_Tcells	Control0082	Normal	 Bone marrow mononuclear cells (BMMCs)	male	Fresh frozen	Mucosal-associated invariant T (MAIT)	mononuclear cells	5' Chromium Single Cell	CellRanger v.5.0	19 years	Unassigned	Unassigned	Unassigned	Unassigned	Unassigned	Unassigned	Unassigned	Unassigned	Control young	Aspirate	Normal	GRCh38	enriched using a pan T-cell isolation kit/sorted for live CD45+CD3+ cells	True	transitional T cells	-1.3588628	4.126951
AACACGTCATTAACCG-1	1975.0	847.0	0.03392405	2020-03-18-82	Large (0.01 < X <= 0.1)	Medium (5 < X <= 20)	X2020.03.18.82	Control0082_BM_Tcells	Control0082	Normal	 Bone marrow mononuclear cells (BMMCs)	male	Fresh frozen	CD8+ GZMK+	mononuclear cells	5' Chromium Single Cell	CellRanger v.5.0	19 years	Unassigned	Unassigned	Unassigned	Unassigned	Unassigned	Unassigned	Unassigned	Unassigned	Control young	Aspirate	Normal	GRCh38	enriched using a pan T-cell isolation kit/sorted for live CD45+CD3+ cells	True	terminal effector T cells	2.5877469	1.1573803
AACACGTTCCACGAAT-1	1545.0	761.0	0.028478965	2020-03-18-82	Small (0 < X <= 0.01)	Single (0 < X <= 1)	X2020.03.18.82	Control0082_BM_Tcells	Control0082	Normal	 Bone marrow mononuclear cells (BMMCs)	male	Fresh frozen	CD8+ Cytotoxic	mononuclear cells	5' Chromium Single Cell	CellRanger v.5.0	19 years	Unassigned	Unassigned	Unassigned	Unassigned	Unassigned	Unassigned	Unassigned	Unassigned	Control young	Aspirate	Normal	GRCh38	enriched using a pan T-cell isolation kit/sorted for live CD45+CD3+ cells	True	terminal effector T cells	4.479263	-0.29152763
AACCATGAGAATCTCC-1	1767.0	857.0	0.032823995	2020-03-18-82	Small (0 < X <= 0.01)	Single (0 < X <= 1)	X2020.03.18.82	Control0082_BM_Tcells	Control0082	Normal	 Bone marrow mononuclear cells (BMMCs)	male	Fresh frozen	CD8+ Cytotoxic	mononuclear cells	5' Chromium Single Cell	CellRanger v.5.0	19 years	Unassigned	Unassigned	Unassigned	Unassigned	Unassigned	Unassigned	Unassigned	Unassigned	Control young	Aspirate	Normal	GRCh38	enriched using a pan T-cell isolation kit/sorted for live CD45+CD3+ cells	True	terminal effector T cells	6.1195807	-2.534382
AACCATGCAATAGAGT-1	2360.0	1027.0	0.061864406	2020-03-18-82	Large (0.01 < X <= 0.1)	Medium (5 < X <= 20)	X2020.03.18.82	Control0082_BM_Tcells	Control0082	Normal	 Bone marrow mononuclear cells (BMMCs)	male	Fresh frozen	CD8+ GZMK+	mononuclear cells	5' Chromium Single Cell	CellRanger v.5.0	19 years	Unassigned	Unassigned	Unassigned	Unassigned	Unassigned	Unassigned	Unassigned	Unassigned	Control young	Aspirate	Normal	GRCh38	enriched using a pan T-cell isolation kit/sorted for live CD45+CD3+ cells	True	terminal effector T cells	2.3180172	1.7872374
AACCATGGTATTAGCC-1	1755.0	891.0	0.023931624	2020-03-18-82	Small (0 < X <= 0.01)	Single (0 < X <= 1)	X2020.03.18.82	Control0082_BM_Tcells	Control0082	Normal	 Bone marrow mononuclear cells (BMMCs)	male	Fresh frozen	CD8+ GZMK+	mononuclear cells	5' Chromium Single Cell	CellRanger v.5.0	19 years	Unassigned	Unassigned	Unassigned	Unassigned	Unassigned	Unassigned	Unassigned	Unassigned	Control young	Aspirate	Normal	GRCh38	enriched using a pan T-cell isolation kit/sorted for live CD45+CD3+ cells	True	terminal effector T cells	2.8480437	2.2009494
AACCATGTCAGCAACT-1	2714.0	1049.0	0.048636697	2020-03-18-82	Small (0 < X <= 0.01)	Single (0 < X <= 1)	X2020.03.18.82	Control0082_BM_Tcells	Control0082	Normal	 Bone marrow mononuclear cells (BMMCs)	male	Fresh frozen	CD4+ Activated	mononuclear cells	5' Chromium Single Cell	CellRanger v.5.0	19 years	Unassigned	Unassigned	Unassigned	Unassigned	Unassigned	Unassigned	Unassigned	Unassigned	Control young	Aspirate	Normal	GRCh38	enriched using a pan T-cell isolation kit/sorted for live CD45+CD3+ cells	True	naive / central memory T cells	-5.0974507	2.4395926
AACCATGTCAGTTGAC-1	2123.0	963.0	0.026848799	2020-03-18-82	Small (0 < X <= 0.01)	Single (0 < X <= 1)	X2020.03.18.82	Control0082_BM_Tcells	Control0082	Normal	 Bone marrow mononuclear cells (BMMCs)	male	Fresh frozen	CD8+ GZMK+	mononuclear cells	5' Chromium Single Cell	CellRanger v.5.0	19 years	Unassigned	Unassigned	Unassigned	Unassigned	Unassigned	Unassigned	Unassigned	Unassigned	Control young	Aspirate	Normal	GRCh38	enriched using a pan T-cell isolation kit/sorted for live CD45+CD3+ cells	True	terminal effector T cells	1.1343557	1.3611699
AACCGCGAGAGTAATC-1	2259.0	981.0	0.03895529	2020-03-18-82	Small (0 < X <= 0.01)	Single (0 < X <= 1)	X2020.03.18.82	Control0082_BM_Tcells	Control0082	Normal	 Bone marrow mononuclear cells (BMMCs)	male	Fresh frozen	Gamma-delta T cell (gd T)	mononuclear cells	5' Chromium Single Cell	CellRanger v.5.0	19 years	Unassigned	Unassigned	Unassigned	Unassigned	Unassigned	Unassigned	Unassigned	Unassigned	Control young	Aspirate	Normal	GRCh38	enriched using a pan T-cell isolation kit/sorted for live CD45+CD3+ cells	True	terminal effector T cells	7.4210973	-3.802473
AACCGCGAGTCCGTAT-1	2222.0	907.0	0.04140414	2020-03-18-82	Small (0 < X <= 0.01)	Single (0 < X <= 1)	X2020.03.18.82	Control0082_BM_Tcells	Control0082	Normal	 Bone marrow mononuclear cells (BMMCs)	male	Fresh frozen	CD8+ Cytotoxic	mononuclear cells	5' Chromium Single Cell	CellRanger v.5.0	19 years	Unassigned	Unassigned	Unassigned	Unassigned	Unassigned	Unassigned	Unassigned	Unassigned	Control young	Aspirate	Normal	GRCh38	enriched using a pan T-cell isolation kit/sorted for live CD45+CD3+ cells	True	terminal effector T cells	7.4948215	-3.7872329
AACGTTGAGATTACCC-1	2394.0	993.0	0.0267335	2020-03-18-82	Small (0 < X <= 0.01)	Single (0 < X <= 1)	X2020.03.18.82	Control0082_BM_Tcells	Control0082	Normal	 Bone marrow mononuclear cells (BMMCs)	male	Fresh frozen	Mucosal-associated invariant T (MAIT)	mononuclear cells	5' Chromium Single Cell	CellRanger v.5.0	19 years	Unassigned	Unassigned	Unassigned	Unassigned	Unassigned	Unassigned	Unassigned	Unassigned	Control young	Aspirate	Normal	GRCh38	enriched using a pan T-cell isolation kit/sorted for live CD45+CD3+ cells	True	transitional T cells	-4.7571635	-0.099636786
AACGTTGTCTTTAGGG-1	2537.0	1116.0	0.022467481	2020-03-18-82	Small (0 < X <= 0.01)	Single (0 < X <= 1)	X2020.03.18.82	Control0082_BM_Tcells	Control0082	Normal	 Bone marrow mononuclear cells (BMMCs)	male	Fresh frozen	CD8+ tissue-resident memory T (TRM)	mononuclear cells	5' Chromium Single Cell	CellRanger v.5.0	19 years	Unassigned	Unassigned	Unassigned	Unassigned	Unassigned	Unassigned	Unassigned	Unassigned	Control young	Aspirate	Normal	GRCh38	enriched using a pan T-cell isolation kit/sorted for live CD45+CD3+ cells	True	transitional T cells	-0.23198281	-0.5888753
AACTCAGAGCATGGCA-1	3186.0	1135.0	0.016949153	2020-03-18-82	Small (0 < X <= 0.01)	Single (0 < X <= 1)	X2020.03.18.82	Control0082_BM_Tcells	Control0082	Normal	 Bone marrow mononuclear cells (BMMCs)	male	Fresh frozen	CD4+ Naive	mononuclear cells	5' Chromium Single Cell	CellRanger v.5.0	19 years	Unassigned	Unassigned	Unassigned	Unassigned	Unassigned	Unassigned	Unassigned	Unassigned	Control young	Aspirate	Normal	GRCh38	enriched using a pan T-cell isolation kit/sorted for live CD45+CD3+ cells	True	naive / central memory T cells	-6.185171	-0.705248
AACTCAGGTGCGCTTG-1	2474.0	982.0	0.038399354	2020-03-18-82	Small (0 < X <= 0.01)	Single (0 < X <= 1)	X2020.03.18.82	Control0082_BM_Tcells	Control0082	Normal	 Bone marrow mononuclear cells (BMMCs)	male	Fresh frozen	Mucosal-associated invariant T (MAIT)	mononuclear cells	5' Chromium Single Cell	CellRanger v.5.0	19 years	Unassigned	Unassigned	Unassigned	Unassigned	Unassigned	Unassigned	Unassigned	Unassigned	Control young	Aspirate	Normal	GRCh38	enriched using a pan T-cell isolation kit/sorted for live CD45+CD3+ cells	True	transitional T cells	-1.4730629	3.9907365
AACTCAGTCGCCTGTT-1	1826.0	830.0	0.043263964	2020-03-18-82	Small (0 < X <= 0.01)	Single (0 < X <= 1)	X2020.03.18.82	Control0082_BM_Tcells	Control0082	Normal	 Bone marrow mononuclear cells (BMMCs)	male	Fresh frozen	Gamma-delta T cell (gd T)	mononuclear cells	5' Chromium Single Cell	CellRanger v.5.0	19 years	Unassigned	Unassigned	Unassigned	Unassigned	Unassigned	Unassigned	Unassigned	Unassigned	Control young	Aspirate	Normal	GRCh38	enriched using a pan T-cell isolation kit/sorted for live CD45+CD3+ cells	True	terminal effector T cells	-4.3281913	-2.0028877
AACTCTTAGTTAAGTG-1	1594.0	811.0	0.02697616	2020-03-18-82	Small (0 < X <= 0.01)	Medium (5 < X <= 20)	X2020.03.18.82	Control0082_BM_Tcells	Control0082	Normal	 Bone marrow mononuclear cells (BMMCs)	male	Fresh frozen	CD8+ GZMK+	mononuclear cells	5' Chromium Single Cell	CellRanger v.5.0	19 years	Unassigned	Unassigned	Unassigned	Unassigned	Unassigned	Unassigned	Unassigned	Unassigned	Control young	Aspirate	Normal	GRCh38	enriched using a pan T-cell isolation kit/sorted for live CD45+CD3+ cells	True	terminal effector T cells	1.6651433	1.3046768
AACTCTTGTGCAGACA-1	1726.0	795.0	0.039976824	2020-03-18-82	Small (0 < X <= 0.01)	Single (0 < X <= 1)	X2020.03.18.82	Control0082_BM_Tcells	Control0082	Normal	 Bone marrow mononuclear cells (BMMCs)	male	Fresh frozen	CD8+ Naive	mononuclear cells	5' Chromium Single Cell	CellRanger v.5.0	19 years	Unassigned	Unassigned	Unassigned	Unassigned	Unassigned	Unassigned	Unassigned	Unassigned	Control young	Aspirate	Normal	GRCh38	enriched using a pan T-cell isolation kit/sorted for live CD45+CD3+ cells	True	naive / central memory T cells	-3.4197366	-1.9064003
AACTGGTGTGAGGCTA-1	2013.0	876.0	0.05166418	2020-03-18-82	Large (0.01 < X <= 0.1)	Medium (5 < X <= 20)	X2020.03.18.82	Control0082_BM_Tcells	Control0082	Normal	 Bone marrow mononuclear cells (BMMCs)	male	Fresh frozen	CD4+ Naive	mononuclear cells	5' Chromium Single Cell	CellRanger v.5.0	19 years	Unassigned	Unassigned	Unassigned	Unassigned	Unassigned	Unassigned	Unassigned	Unassigned	Control young	Aspirate	Normal	GRCh38	enriched using a pan T-cell isolation kit/sorted for live CD45+CD3+ cells	True	naive / central memory T cells	-4.23964	-0.43068516
AACTTTCTCCAAAGTC-1	1886.0	812.0	0.024390243	2020-03-18-82	Small (0 < X <= 0.01)	Medium (5 < X <= 20)	X2020.03.18.82	Control0082_BM_Tcells	Control0082	Normal	 Bone marrow mononuclear cells (BMMCs)	male	Fresh frozen	Mucosal-associated invariant T (MAIT)	mononuclear cells	5' Chromium Single Cell	CellRanger v.5.0	19 years	Unassigned	Unassigned	Unassigned	Unassigned	Unassigned	Unassigned	Unassigned	Unassigned	Control young	Aspirate	Normal	GRCh38	enriched using a pan T-cell isolation kit/sorted for live CD45+CD3+ cells	True	transitional T cells	3.3974698	-0.617628
AACTTTCTCCGTAGGC-1	3413.0	1430.0	0.055669498	2020-03-18-82	Small (0 < X <= 0.01)	Single (0 < X <= 1)	X2020.03.18.82	Control0082_BM_Tcells	Control0082	Normal	 Bone marrow mononuclear cells (BMMCs)	male	Fresh frozen	CD8+ GZMK+	mononuclear cells	5' Chromium Single Cell	CellRanger v.5.0	19 years	Unassigned	Unassigned	Unassigned	Unassigned	Unassigned	Unassigned	Unassigned	Unassigned	Control young	Aspirate	Normal	GRCh38	enriched using a pan T-cell isolation kit/sorted for live CD45+CD3+ cells	True	terminal effector T cells	3.2347429	0.3305077
AACTTTCTCTGTCTCG-1	2958.0	1160.0	0.015889114	2020-03-18-82	Small (0 < X <= 0.01)	Single (0 < X <= 1)	X2020.03.18.82	Control0082_BM_Tcells	Control0082	Normal	 Bone marrow mononuclear cells (BMMCs)	male	Fresh frozen	CD4+ central memory T (CD4+ TCM)	mononuclear cells	5' Chromium Single Cell	CellRanger v.5.0	19 years	Unassigned	Unassigned	Unassigned	Unassigned	Unassigned	Unassigned	Unassigned	Unassigned	Control young	Aspirate	Normal	GRCh38	enriched using a pan T-cell isolation kit/sorted for live CD45+CD3+ cells	True	naive / central memory T cells	-5.2006345	1.5926359
AAGACCTCATTGCGGC-1	1442.0	691.0	0.030513177	2020-03-18-82	Large (0.01 < X <= 0.1)	Large (20 < X <= 100)	X2020.03.18.82	Control0082_BM_Tcells	Control0082	Normal	 Bone marrow mononuclear cells (BMMCs)	male	Fresh frozen	CD8+ Cytotoxic	mononuclear cells	5' Chromium Single Cell	CellRanger v.5.0	19 years	Unassigned	Unassigned	Unassigned	Unassigned	Unassigned	Unassigned	Unassigned	Unassigned	Control young	Aspirate	Normal	GRCh38	enriched using a pan T-cell isolation kit/sorted for live CD45+CD3+ cells	True	terminal effector T cells	7.5876718	-3.8737407
AAGGTTCAGAAGGGTA-1	2366.0	1002.0	0.020710059	2020-03-18-82	Small (0 < X <= 0.01)	Single (0 < X <= 1)	X2020.03.18.82	Control0082_BM_Tcells	Control0082	Normal	 Bone marrow mononuclear cells (BMMCs)	male	Fresh frozen	CD4+ Naive	mononuclear cells	5' Chromium Single Cell	CellRanger v.5.0	19 years	Unassigned	Unassigned	Unassigned	Unassigned	Unassigned	Unassigned	Unassigned	Unassigned	Control young	Aspirate	Normal	GRCh38	enriched using a pan T-cell isolation kit/sorted for live CD45+CD3+ cells	True	naive / central memory T cells	-6.0106263	-0.946723
AAGGTTCAGCCAGGAT-1	1230.0	613.0	0.02601626	2020-03-18-82	Small (0 < X <= 0.01)	Single (0 < X <= 1)	X2020.03.18.82	Control0082_BM_Tcells	Control0082	Normal	 Bone marrow mononuclear cells (BMMCs)	male	Fresh frozen	CD4+ Naive	mononuclear cells	5' Chromium Single Cell	CellRanger v.5.0	19 years	Unassigned	Unassigned	Unassigned	Unassigned	Unassigned	Unassigned	Unassigned	Unassigned	Control young	Aspirate	Normal	GRCh38	enriched using a pan T-cell isolation kit/sorted for live CD45+CD3+ cells	True	naive / central memory T cells	-5.6455455	-1.5381898
AAGTCTGCAAGCGATG-1	2181.0	960.0	0.022466758	2020-03-18-82	Small (0 < X <= 0.01)	Single (0 < X <= 1)	X2020.03.18.82	Control0082_BM_Tcells	Control0082	Normal	 Bone marrow mononuclear cells (BMMCs)	male	Fresh frozen	CD8+ Cytotoxic	mononuclear cells	5' Chromium Single Cell	CellRanger v.5.0	19 years	Unassigned	Unassigned	Unassigned	Unassigned	Unassigned	Unassigned	Unassigned	Unassigned	Control young	Aspirate	Normal	GRCh38	enriched using a pan T-cell isolation kit/sorted for live CD45+CD3+ cells	True	terminal effector T cells	5.3023515	-1.5584859
AAGTCTGGTGACTACT-1	1226.0	625.0	0.030995106	2020-03-18-82	Small (0 < X <= 0.01)	Single (0 < X <= 1)	X2020.03.18.82	Control0082_BM_Tcells	Control0082	Normal	 Bone marrow mononuclear cells (BMMCs)	male	Fresh frozen	Gamma-delta T cell (gd T)	mononuclear cells	5' Chromium Single Cell	CellRanger v.5.0	19 years	Unassigned	Unassigned	Unassigned	Unassigned	Unassigned	Unassigned	Unassigned	Unassigned	Control young	Aspirate	Normal	GRCh38	enriched using a pan T-cell isolation kit/sorted for live CD45+CD3+ cells	True	terminal effector T cells	-5.134975	-2.4841726
AATCCAGCAAGTCTAC-1	2138.0	931.0	0.03882133	2020-03-18-82	Small (0 < X <= 0.01)	Single (0 < X <= 1)	X2020.03.18.82	Control0082_BM_Tcells	Control0082	Normal	 Bone marrow mononuclear cells (BMMCs)	male	Fresh frozen	CD8+ GZMK+	mononuclear cells	5' Chromium Single Cell	CellRanger v.5.0	19 years	Unassigned	Unassigned	Unassigned	Unassigned	Unassigned	Unassigned	Unassigned	Unassigned	Control young	Aspirate	Normal	GRCh38	enriched using a pan T-cell isolation kit/sorted for live CD45+CD3+ cells	True	terminal effector T cells	1.5682209	1.8697228
AATCGGTCATGCCCGA-1	2591.0	1110.0	0.040910844	2020-03-18-82	Small (0 < X <= 0.01)	Small (1 < X <= 5)	X2020.03.18.82	Control0082_BM_Tcells	Control0082	Normal	 Bone marrow mononuclear cells (BMMCs)	male	Fresh frozen	CD8+ Cytotoxic	mononuclear cells	5' Chromium Single Cell	CellRanger v.5.0	19 years	Unassigned	Unassigned	Unassigned	Unassigned	Unassigned	Unassigned	Unassigned	Unassigned	Control young	Aspirate	Normal	GRCh38	enriched using a pan T-cell isolation kit/sorted for live CD45+CD3+ cells	True	terminal effector T cells	5.2096634	-1.828509
ACACCAATCATGTCTT-1	2631.0	1109.0	0.033827443	2020-03-18-82	Small (0 < X <= 0.01)	Single (0 < X <= 1)	X2020.03.18.82	Control0082_BM_Tcells	Control0082	Normal	 Bone marrow mononuclear cells (BMMCs)	male	Fresh frozen	CD4+ Naive	mononuclear cells	5' Chromium Single Cell	CellRanger v.5.0	19 years	Unassigned	Unassigned	Unassigned	Unassigned	Unassigned	Unassigned	Unassigned	Unassigned	Control young	Aspirate	Normal	GRCh38	enriched using a pan T-cell isolation kit/sorted for live CD45+CD3+ cells	True	naive / central memory T cells	-6.933487	-0.63166046
ACACCAATCCATGAAC-1	6634.0	2358.0	0.07190232	2020-03-18-82	Small (0 < X <= 0.01)	Small (1 < X <= 5)	X2020.03.18.82	Control0082_BM_Tcells	Control0082	Normal	 Bone marrow mononuclear cells (BMMCs)	male	Fresh frozen	Mucosal-associated invariant T (MAIT)	mononuclear cells	5' Chromium Single Cell	CellRanger v.5.0	19 years	Unassigned	Unassigned	Unassigned	Unassigned	Unassigned	Unassigned	Unassigned	Unassigned	Control young	Aspirate	Normal	GRCh38	enriched using a pan T-cell isolation kit/sorted for live CD45+CD3+ cells	True	transitional T cells	4.0967126	-0.4005804
ACACCGGGTACGCTGC-1	1848.0	861.0	0.033549782	2020-03-18-82	Small (0 < X <= 0.01)	Single (0 < X <= 1)	X2020.03.18.82	Control0082_BM_Tcells	Control0082	Normal	 Bone marrow mononuclear cells (BMMCs)	male	Fresh frozen	CD8+ Cytotoxic	mononuclear cells	5' Chromium Single Cell	CellRanger v.5.0	19 years	Unassigned	Unassigned	Unassigned	Unassigned	Unassigned	Unassigned	Unassigned	Unassigned	Control young	Aspirate	Normal	GRCh38	enriched using a pan T-cell isolation kit/sorted for live CD45+CD3+ cells	True	terminal effector T cells	3.7407036	-1.683128
ACAGCTACAATGCCAT-1	2049.0	902.0	0.039043434	2020-03-18-82	Large (0.01 < X <= 0.1)	Medium (5 < X <= 20)	X2020.03.18.82	Control0082_BM_Tcells	Control0082	Normal	 Bone marrow mononuclear cells (BMMCs)	male	Fresh frozen	Gamma-delta T cell (gd T)	mononuclear cells	5' Chromium Single Cell	CellRanger v.5.0	19 years	Unassigned	Unassigned	Unassigned	Unassigned	Unassigned	Unassigned	Unassigned	Unassigned	Control young	Aspirate	Normal	GRCh38	enriched using a pan T-cell isolation kit/sorted for live CD45+CD3+ cells	True	terminal effector T cells	2.0691226	0.24263759
ACAGCTACACGGTTTA-1	2819.0	1090.0	0.021993615	2020-03-18-82	Small (0 < X <= 0.01)	Single (0 < X <= 1)	X2020.03.18.82	Control0082_BM_Tcells	Control0082	Normal	 Bone marrow mononuclear cells (BMMCs)	male	Fresh frozen	CD8+ Naive	mononuclear cells	5' Chromium Single Cell	CellRanger v.5.0	19 years	Unassigned	Unassigned	Unassigned	Unassigned	Unassigned	Unassigned	Unassigned	Unassigned	Control young	Aspirate	Normal	GRCh38	enriched using a pan T-cell isolation kit/sorted for live CD45+CD3+ cells	True	naive / central memory T cells	-3.1996503	-2.0074534
ACAGCTACATTCCTGC-1	1848.0	824.0	0.018939395	2020-03-18-82	Small (0 < X <= 0.01)	Single (0 < X <= 1)	X2020.03.18.82	Control0082_BM_Tcells	Control0082	Normal	 Bone marrow mononuclear cells (BMMCs)	male	Fresh frozen	CD8+ tissue-resident memory T (TRM)	mononuclear cells	5' Chromium Single Cell	CellRanger v.5.0	19 years	Unassigned	Unassigned	Unassigned	Unassigned	Unassigned	Unassigned	Unassigned	Unassigned	Control young	Aspirate	Normal	GRCh38	enriched using a pan T-cell isolation kit/sorted for live CD45+CD3+ cells	True	transitional T cells	-3.8825247	-2.3411798
ACAGCTAGTTTAAGCC-1	1412.0	753.0	0.007790368	2020-03-18-82	Large (0.01 < X <= 0.1)	Large (20 < X <= 100)	X2020.03.18.82	Control0082_BM_Tcells	Control0082	Normal	 Bone marrow mononuclear cells (BMMCs)	male	Fresh frozen	CD8+ Cytotoxic	mononuclear cells	5' Chromium Single Cell	CellRanger v.5.0	19 years	Unassigned	Unassigned	Unassigned	Unassigned	Unassigned	Unassigned	Unassigned	Unassigned	Control young	Aspirate	Normal	GRCh38	enriched using a pan T-cell isolation kit/sorted for live CD45+CD3+ cells	True	terminal effector T cells	7.690242	-3.8886695
ACAGCTATCATAACCG-1	1924.0	954.0	0.023388773	2020-03-18-82	Large (0.01 < X <= 0.1)	Medium (5 < X <= 20)	X2020.03.18.82	Control0082_BM_Tcells	Control0082	Normal	 Bone marrow mononuclear cells (BMMCs)	male	Fresh frozen	CD8+ Cytotoxic	mononuclear cells	5' Chromium Single Cell	CellRanger v.5.0	19 years	Unassigned	Unassigned	Unassigned	Unassigned	Unassigned	Unassigned	Unassigned	Unassigned	Control young	Aspirate	Normal	GRCh38	enriched using a pan T-cell isolation kit/sorted for live CD45+CD3+ cells	True	terminal effector T cells	7.4777064	-3.8385215
ACATCAGAGCTGAACG-1	1596.0	767.0	0.04761905	2020-03-18-82	Small (0 < X <= 0.01)	Single (0 < X <= 1)	X2020.03.18.82	Control0082_BM_Tcells	Control0082	Normal	 Bone marrow mononuclear cells (BMMCs)	male	Fresh frozen	CD4+ central memory T (CD4+ TCM)	mononuclear cells	5' Chromium Single Cell	CellRanger v.5.0	19 years	Unassigned	Unassigned	Unassigned	Unassigned	Unassigned	Unassigned	Unassigned	Unassigned	Control young	Aspirate	Normal	GRCh38	enriched using a pan T-cell isolation kit/sorted for live CD45+CD3+ cells	True	naive / central memory T cells	-4.728694	-0.2252463
ACATGGTAGAAACCAT-1	1592.0	774.0	0.06281407	2020-03-18-82	Small (0 < X <= 0.01)	Single (0 < X <= 1)	X2020.03.18.82	Control0082_BM_Tcells	Control0082	Normal	 Bone marrow mononuclear cells (BMMCs)	male	Fresh frozen	CD8+ tissue-resident memory T (TRM)	mononuclear cells	5' Chromium Single Cell	CellRanger v.5.0	19 years	Unassigned	Unassigned	Unassigned	Unassigned	Unassigned	Unassigned	Unassigned	Unassigned	Control young	Aspirate	Normal	GRCh38	enriched using a pan T-cell isolation kit/sorted for live CD45+CD3+ cells	True	transitional T cells	-0.07479382	-0.28742206
ACATGGTTCCCACTTG-1	1584.0	799.0	0.023358585	2020-03-18-82	Small (0 < X <= 0.01)	Single (0 < X <= 1)	X2020.03.18.82	Control0082_BM_Tcells	Control0082	Normal	 Bone marrow mononuclear cells (BMMCs)	male	Fresh frozen	CD8+ Cytotoxic	mononuclear cells	5' Chromium Single Cell	CellRanger v.5.0	19 years	Unassigned	Unassigned	Unassigned	Unassigned	Unassigned	Unassigned	Unassigned	Unassigned	Control young	Aspirate	Normal	GRCh38	enriched using a pan T-cell isolation kit/sorted for live CD45+CD3+ cells	True	terminal effector T cells	7.6167526	-3.9179692
ACCAGTACACGGCTAC-1	2216.0	953.0	0.025722021	2020-03-18-82	Small (0 < X <= 0.01)	Single (0 < X <= 1)	X2020.03.18.82	Control0082_BM_Tcells	Control0082	Normal	 Bone marrow mononuclear cells (BMMCs)	male	Fresh frozen	CD4+ Naive	mononuclear cells	5' Chromium Single Cell	CellRanger v.5.0	19 years	Unassigned	Unassigned	Unassigned	Unassigned	Unassigned	Unassigned	Unassigned	Unassigned	Control young	Aspirate	Normal	GRCh38	enriched using a pan T-cell isolation kit/sorted for live CD45+CD3+ cells	True	naive / central memory T cells	-6.3138065	0.14236964
ACCAGTAGTAGCGTGA-1	2003.0	902.0	0.057913132	2020-03-18-82	Small (0 < X <= 0.01)	Single (0 < X <= 1)	X2020.03.18.82	Control0082_BM_Tcells	Control0082	Normal	 Bone marrow mononuclear cells (BMMCs)	male	Fresh frozen	CD8+ tissue-resident memory T (TRM)	mononuclear cells	5' Chromium Single Cell	CellRanger v.5.0	19 years	Unassigned	Unassigned	Unassigned	Unassigned	Unassigned	Unassigned	Unassigned	Unassigned	Control young	Aspirate	Normal	GRCh38	enriched using a pan T-cell isolation kit/sorted for live CD45+CD3+ cells	True	transitional T cells	-0.21281232	-0.020314744
ACCCACTCATAAGACA-1	1756.0	892.0	0.04498861	2020-03-18-82	Small (0 < X <= 0.01)	Single (0 < X <= 1)	X2020.03.18.82	Control0082_BM_Tcells	Control0082	Normal	 Bone marrow mononuclear cells (BMMCs)	male	Fresh frozen	CD8+ NK-like	mononuclear cells	5' Chromium Single Cell	CellRanger v.5.0	19 years	Unassigned	Unassigned	Unassigned	Unassigned	Unassigned	Unassigned	Unassigned	Unassigned	Control young	Aspirate	Normal	GRCh38	enriched using a pan T-cell isolation kit/sorted for live CD45+CD3+ cells	True	terminal effector T cells	5.909583	0.9529183
ACCGTAATCCCTAACC-1	2466.0	1068.0	0.027980534	2020-03-18-82	Small (0 < X <= 0.01)	Small (1 < X <= 5)	X2020.03.18.82	Control0082_BM_Tcells	Control0082	Normal	 Bone marrow mononuclear cells (BMMCs)	male	Fresh frozen	CD8+ GZMK+	mononuclear cells	5' Chromium Single Cell	CellRanger v.5.0	19 years	Unassigned	Unassigned	Unassigned	Unassigned	Unassigned	Unassigned	Unassigned	Unassigned	Control young	Aspirate	Normal	GRCh38	enriched using a pan T-cell isolation kit/sorted for live CD45+CD3+ cells	True	terminal effector T cells	-4.317717	4.5518155
ACCTTTAGTAAGTGGC-1	3239.0	1190.0	0.0497067	2020-03-18-82	Small (0 < X <= 0.01)	Single (0 < X <= 1)	X2020.03.18.82	Control0082_BM_Tcells	Control0082	Normal	 Bone marrow mononuclear cells (BMMCs)	male	Fresh frozen	CD4+ Naive	mononuclear cells	5' Chromium Single Cell	CellRanger v.5.0	19 years	Unassigned	Unassigned	Unassigned	Unassigned	Unassigned	Unassigned	Unassigned	Unassigned	Control young	Aspirate	Normal	GRCh38	enriched using a pan T-cell isolation kit/sorted for live CD45+CD3+ cells	True	naive / central memory T cells	-6.317033	0.04865975
ACCTTTAGTGGTGTAG-1	962.0	549.0	0.029106028	2020-03-18-82	Small (0 < X <= 0.01)	Single (0 < X <= 1)	X2020.03.18.82	Control0082_BM_Tcells	Control0082	Normal	 Bone marrow mononuclear cells (BMMCs)	male	Fresh frozen	Gamma-delta T cell (gd T)	mononuclear cells	5' Chromium Single Cell	CellRanger v.5.0	19 years	Unassigned	Unassigned	Unassigned	Unassigned	Unassigned	Unassigned	Unassigned	Unassigned	Control young	Aspirate	Normal	GRCh38	enriched using a pan T-cell isolation kit/sorted for live CD45+CD3+ cells	True	terminal effector T cells	3.658369	-3.7866583
ACGAGGAGTCACCTAA-1	2517.0	1038.0	0.018673023	2020-03-18-82	Small (0 < X <= 0.01)	Single (0 < X <= 1)	X2020.03.18.82	Control0082_BM_Tcells	Control0082	Normal	 Bone marrow mononuclear cells (BMMCs)	male	Fresh frozen	Mucosal-associated invariant T (MAIT)	mononuclear cells	5' Chromium Single Cell	CellRanger v.5.0	19 years	Unassigned	Unassigned	Unassigned	Unassigned	Unassigned	Unassigned	Unassigned	Unassigned	Control young	Aspirate	Normal	GRCh38	enriched using a pan T-cell isolation kit/sorted for live CD45+CD3+ cells	True	transitional T cells	5.1446514	-2.4831917
ACGAGGAGTCATGCAT-1	2403.0	1044.0	0.012068248	2020-03-18-82	Small (0 < X <= 0.01)	Single (0 < X <= 1)	X2020.03.18.82	Control0082_BM_Tcells	Control0082	Normal	 Bone marrow mononuclear cells (BMMCs)	male	Fresh frozen	CD4+ Naive	mononuclear cells	5' Chromium Single Cell	CellRanger v.5.0	19 years	Unassigned	Unassigned	Unassigned	Unassigned	Unassigned	Unassigned	Unassigned	Unassigned	Control young	Aspirate	Normal	GRCh38	enriched using a pan T-cell isolation kit/sorted for live CD45+CD3+ cells	True	naive / central memory T cells	-6.6057053	-0.68983054
ACGATACCAATAGCAA-1	1498.0	816.0	0.031375166	2020-03-18-82	Large (0.01 < X <= 0.1)	Medium (5 < X <= 20)	X2020.03.18.82	Control0082_BM_Tcells	Control0082	Normal	 Bone marrow mononuclear cells (BMMCs)	male	Fresh frozen	CD8+ Cytotoxic	mononuclear cells	5' Chromium Single Cell	CellRanger v.5.0	19 years	Unassigned	Unassigned	Unassigned	Unassigned	Unassigned	Unassigned	Unassigned	Unassigned	Control young	Aspirate	Normal	GRCh38	enriched using a pan T-cell isolation kit/sorted for live CD45+CD3+ cells	True	terminal effector T cells	6.937666	-3.1376543
ACGCAGCCAGTAAGCG-1	3906.0	1304.0	0.02201741	2020-03-18-82	Small (0 < X <= 0.01)	Single (0 < X <= 1)	X2020.03.18.82	Control0082_BM_Tcells	Control0082	Normal	 Bone marrow mononuclear cells (BMMCs)	male	Fresh frozen	CD4+ central memory T (CD4+ TCM)	mononuclear cells	5' Chromium Single Cell	CellRanger v.5.0	19 years	Unassigned	Unassigned	Unassigned	Unassigned	Unassigned	Unassigned	Unassigned	Unassigned	Control young	Aspirate	Normal	GRCh38	enriched using a pan T-cell isolation kit/sorted for live CD45+CD3+ cells	True	naive / central memory T cells	-4.7146044	2.1996756
ACGCAGCTCTTGTCAT-1	3297.0	1191.0	0.042462844	2020-03-18-82	Small (0 < X <= 0.01)	Single (0 < X <= 1)	X2020.03.18.82	Control0082_BM_Tcells	Control0082	Normal	 Bone marrow mononuclear cells (BMMCs)	male	Fresh frozen	Gamma-delta T cell (gd T)	mononuclear cells	5' Chromium Single Cell	CellRanger v.5.0	19 years	Unassigned	Unassigned	Unassigned	Unassigned	Unassigned	Unassigned	Unassigned	Unassigned	Control young	Aspirate	Normal	GRCh38	enriched using a pan T-cell isolation kit/sorted for live CD45+CD3+ cells	True	terminal effector T cells	-2.5404863	-2.126919
ACGCCAGAGATGCCAG-1	3364.0	1326.0	0.04488704	2020-03-18-82	Small (0 < X <= 0.01)	Single (0 < X <= 1)	X2020.03.18.82	Control0082_BM_Tcells	Control0082	Normal	 Bone marrow mononuclear cells (BMMCs)	male	Fresh frozen	CD4+ central memory T (CD4+ TCM)	mononuclear cells	5' Chromium Single Cell	CellRanger v.5.0	19 years	Unassigned	Unassigned	Unassigned	Unassigned	Unassigned	Unassigned	Unassigned	Unassigned	Control young	Aspirate	Normal	GRCh38	enriched using a pan T-cell isolation kit/sorted for live CD45+CD3+ cells	True	naive / central memory T cells	-5.4744773	1.3052087
ACGCCAGAGGCTCTTA-1	3848.0	1193.0	0.03456341	2020-03-18-82	Small (0 < X <= 0.01)	Single (0 < X <= 1)	X2020.03.18.82	Control0082_BM_Tcells	Control0082	Normal	 Bone marrow mononuclear cells (BMMCs)	male	Fresh frozen	CD4+ Naive	mononuclear cells	5' Chromium Single Cell	CellRanger v.5.0	19 years	Unassigned	Unassigned	Unassigned	Unassigned	Unassigned	Unassigned	Unassigned	Unassigned	Control young	Aspirate	Normal	GRCh38	enriched using a pan T-cell isolation kit/sorted for live CD45+CD3+ cells	True	naive / central memory T cells	-6.7777596	0.27088344
ACGCCAGAGGGCTTCC-1	5414.0	1857.0	0.023272997	2020-03-18-82	Small (0 < X <= 0.01)	Small (1 < X <= 5)	X2020.03.18.82	Control0082_BM_Tcells	Control0082	Normal	 Bone marrow mononuclear cells (BMMCs)	male	Fresh frozen	CD8+ tissue-resident memory T (TRM)	mononuclear cells	5' Chromium Single Cell	CellRanger v.5.0	19 years	Unassigned	Unassigned	Unassigned	Unassigned	Unassigned	Unassigned	Unassigned	Unassigned	Control young	Aspirate	Normal	GRCh38	enriched using a pan T-cell isolation kit/sorted for live CD45+CD3+ cells	True	transitional T cells	1.3043603	1.4710867
ACGCCAGGTAGGGACT-1	2067.0	908.0	0.022254474	2020-03-18-82	Small (0 < X <= 0.01)	Single (0 < X <= 1)	X2020.03.18.82	Control0082_BM_Tcells	Control0082	Normal	 Bone marrow mononuclear cells (BMMCs)	male	Fresh frozen	CD8+ GZMK+	mononuclear cells	5' Chromium Single Cell	CellRanger v.5.0	19 years	Unassigned	Unassigned	Unassigned	Unassigned	Unassigned	Unassigned	Unassigned	Unassigned	Control young	Aspirate	Normal	GRCh38	enriched using a pan T-cell isolation kit/sorted for live CD45+CD3+ cells	True	terminal effector T cells	2.6630585	1.6865921
ACGCCGATCAGCAACT-1	2695.0	1191.0	0.0419295	2020-03-18-82	Small (0 < X <= 0.01)	Single (0 < X <= 1)	X2020.03.18.82	Control0082_BM_Tcells	Control0082	Normal	 Bone marrow mononuclear cells (BMMCs)	male	Fresh frozen	CD8+ NK-like	mononuclear cells	5' Chromium Single Cell	CellRanger v.5.0	19 years	Unassigned	Unassigned	Unassigned	Unassigned	Unassigned	Unassigned	Unassigned	Unassigned	Control young	Aspirate	Normal	GRCh38	enriched using a pan T-cell isolation kit/sorted for live CD45+CD3+ cells	True	terminal effector T cells	7.3944983	-2.6855044
ACGGCCACAGTATGCT-1	1944.0	923.0	0.019547325	2020-03-18-82	Small (0 < X <= 0.01)	Medium (5 < X <= 20)	X2020.03.18.82	Control0082_BM_Tcells	Control0082	Normal	 Bone marrow mononuclear cells (BMMCs)	male	Fresh frozen	Gamma-delta T cell (gd T)	mononuclear cells	5' Chromium Single Cell	CellRanger v.5.0	19 years	Unassigned	Unassigned	Unassigned	Unassigned	Unassigned	Unassigned	Unassigned	Unassigned	Control young	Aspirate	Normal	GRCh38	enriched using a pan T-cell isolation kit/sorted for live CD45+CD3+ cells	True	terminal effector T cells	7.4732313	-3.755022
ACGGCCATCGGAGCAA-1	1746.0	802.0	0.028064147	2020-03-18-82	Small (0 < X <= 0.01)	Single (0 < X <= 1)	X2020.03.18.82	Control0082_BM_Tcells	Control0082	Normal	 Bone marrow mononuclear cells (BMMCs)	male	Fresh frozen	CD8+ GZMK+	mononuclear cells	5' Chromium Single Cell	CellRanger v.5.0	19 years	Unassigned	Unassigned	Unassigned	Unassigned	Unassigned	Unassigned	Unassigned	Unassigned	Control young	Aspirate	Normal	GRCh38	enriched using a pan T-cell isolation kit/sorted for live CD45+CD3+ cells	True	terminal effector T cells	2.2799351	2.155244
ACGGGCTGTCTTCTCG-1	1647.0	754.0	0.04007286	2020-03-18-82	Small (0 < X <= 0.01)	Single (0 < X <= 1)	X2020.03.18.82	Control0082_BM_Tcells	Control0082	Normal	 Bone marrow mononuclear cells (BMMCs)	male	Fresh frozen	CD8+ tissue-resident memory T (TRM)	mononuclear cells	5' Chromium Single Cell	CellRanger v.5.0	19 years	Unassigned	Unassigned	Unassigned	Unassigned	Unassigned	Unassigned	Unassigned	Unassigned	Control young	Aspirate	Normal	GRCh38	enriched using a pan T-cell isolation kit/sorted for live CD45+CD3+ cells	True	transitional T cells	0.08179284	-0.41203868
ACGGGTCCAGTTCCCT-1	2183.0	968.0	0.024736602	2020-03-18-82	Large (0.01 < X <= 0.1)	Medium (5 < X <= 20)	X2020.03.18.82	Control0082_BM_Tcells	Control0082	Normal	 Bone marrow mononuclear cells (BMMCs)	male	Fresh frozen	CD8+ GZMK+	mononuclear cells	5' Chromium Single Cell	CellRanger v.5.0	19 years	Unassigned	Unassigned	Unassigned	Unassigned	Unassigned	Unassigned	Unassigned	Unassigned	Control young	Aspirate	Normal	GRCh38	enriched using a pan T-cell isolation kit/sorted for live CD45+CD3+ cells	True	terminal effector T cells	3.7207499	-0.68778265
ACGTCAAAGGTAAACT-1	3439.0	1204.0	0.016574586	2020-03-18-82	Small (0 < X <= 0.01)	Single (0 < X <= 1)	X2020.03.18.82	Control0082_BM_Tcells	Control0082	Normal	 Bone marrow mononuclear cells (BMMCs)	male	Fresh frozen	CD4+ central memory T (CD4+ TCM)	mononuclear cells	5' Chromium Single Cell	CellRanger v.5.0	19 years	Unassigned	Unassigned	Unassigned	Unassigned	Unassigned	Unassigned	Unassigned	Unassigned	Control young	Aspirate	Normal	GRCh38	enriched using a pan T-cell isolation kit/sorted for live CD45+CD3+ cells	True	naive / central memory T cells	-5.6530924	2.3616576
ACTATCTCAAACTGTC-1	1212.0	633.0	0.05940594	2020-03-18-82	Large (0.01 < X <= 0.1)	Medium (5 < X <= 20)	X2020.03.18.82	Control0082_BM_Tcells	Control0082	Normal	 Bone marrow mononuclear cells (BMMCs)	male	Fresh frozen	Regulatory T cell (Treg)	mononuclear cells	5' Chromium Single Cell	CellRanger v.5.0	19 years	Unassigned	Unassigned	Unassigned	Unassigned	Unassigned	Unassigned	Unassigned	Unassigned	Control young	Aspirate	Normal	GRCh38	enriched using a pan T-cell isolation kit/sorted for live CD45+CD3+ cells	True	naive / central memory T cells	-4.107635	4.6835666
ACTATCTCACAGTCGC-1	1079.0	582.0	0.04355885	2020-03-18-82	Small (0 < X <= 0.01)	Single (0 < X <= 1)	X2020.03.18.82	Control0082_BM_Tcells	Control0082	Normal	 Bone marrow mononuclear cells (BMMCs)	male	Fresh frozen	CD8+ GZMK+	mononuclear cells	5' Chromium Single Cell	CellRanger v.5.0	19 years	Unassigned	Unassigned	Unassigned	Unassigned	Unassigned	Unassigned	Unassigned	Unassigned	Control young	Aspirate	Normal	GRCh38	enriched using a pan T-cell isolation kit/sorted for live CD45+CD3+ cells	True	terminal effector T cells	2.5895066	0.8417997
ACTATCTGTCTTCTCG-1	2443.0	1051.0	0.023741301	2020-03-18-82	Small (0 < X <= 0.01)	Single (0 < X <= 1)	X2020.03.18.82	Control0082_BM_Tcells	Control0082	Normal	 Bone marrow mononuclear cells (BMMCs)	male	Fresh frozen	CD8+ tissue-resident memory T (TRM)	mononuclear cells	5' Chromium Single Cell	CellRanger v.5.0	19 years	Unassigned	Unassigned	Unassigned	Unassigned	Unassigned	Unassigned	Unassigned	Unassigned	Control young	Aspirate	Normal	GRCh38	enriched using a pan T-cell isolation kit/sorted for live CD45+CD3+ cells	True	transitional T cells	-1.3363363	3.3892775
ACTGAACCATTCACTT-1	2812.0	1047.0	0.028093884	2020-03-18-82	Small (0 < X <= 0.01)	Single (0 < X <= 1)	X2020.03.18.82	Control0082_BM_Tcells	Control0082	Normal	 Bone marrow mononuclear cells (BMMCs)	male	Fresh frozen	CD4+ Naive	mononuclear cells	5' Chromium Single Cell	CellRanger v.5.0	19 years	Unassigned	Unassigned	Unassigned	Unassigned	Unassigned	Unassigned	Unassigned	Unassigned	Control young	Aspirate	Normal	GRCh38	enriched using a pan T-cell isolation kit/sorted for live CD45+CD3+ cells	True	naive / central memory T cells	-6.844833	0.5422971
ACTGAGTAGGCATGGT-1	1129.0	580.0	0.014171833	2020-03-18-82	Large (0.01 < X <= 0.1)	Large (20 < X <= 100)	X2020.03.18.82	Control0082_BM_Tcells	Control0082	Normal	 Bone marrow mononuclear cells (BMMCs)	male	Fresh frozen	CD8+ GZMK+	mononuclear cells	5' Chromium Single Cell	CellRanger v.5.0	19 years	Unassigned	Unassigned	Unassigned	Unassigned	Unassigned	Unassigned	Unassigned	Unassigned	Control young	Aspirate	Normal	GRCh38	enriched using a pan T-cell isolation kit/sorted for live CD45+CD3+ cells	True	terminal effector T cells	2.8557763	-0.6877421
ACTGAGTTCCGCAAGC-1	3490.0	1268.0	0.030945558	2020-03-18-82	Large (0.01 < X <= 0.1)	Medium (5 < X <= 20)	X2020.03.18.82	Control0082_BM_Tcells	Control0082	Normal	 Bone marrow mononuclear cells (BMMCs)	male	Fresh frozen	Gamma-delta T cell (gd T)	mononuclear cells	5' Chromium Single Cell	CellRanger v.5.0	19 years	Unassigned	Unassigned	Unassigned	Unassigned	Unassigned	Unassigned	Unassigned	Unassigned	Control young	Aspirate	Normal	GRCh38	enriched using a pan T-cell isolation kit/sorted for live CD45+CD3+ cells	True	terminal effector T cells	4.4984136	-2.8831358
ACTGAGTTCTGTACGA-1	1738.0	878.0	0.016110472	2020-03-18-82	Small (0 < X <= 0.01)	Single (0 < X <= 1)	X2020.03.18.82	Control0082_BM_Tcells	Control0082	Normal	 Bone marrow mononuclear cells (BMMCs)	male	Fresh frozen	CD8+ Naive	mononuclear cells	5' Chromium Single Cell	CellRanger v.5.0	19 years	Unassigned	Unassigned	Unassigned	Unassigned	Unassigned	Unassigned	Unassigned	Unassigned	Control young	Aspirate	Normal	GRCh38	enriched using a pan T-cell isolation kit/sorted for live CD45+CD3+ cells	True	naive / central memory T cells	-3.1954668	-3.0178287
ACTGCTCAGGGTTCCC-1	2181.0	878.0	0.031636864	2020-03-18-82	Small (0 < X <= 0.01)	Medium (5 < X <= 20)	X2020.03.18.82	Control0082_BM_Tcells	Control0082	Normal	 Bone marrow mononuclear cells (BMMCs)	male	Fresh frozen	Mucosal-associated invariant T (MAIT)	mononuclear cells	5' Chromium Single Cell	CellRanger v.5.0	19 years	Unassigned	Unassigned	Unassigned	Unassigned	Unassigned	Unassigned	Unassigned	Unassigned	Control young	Aspirate	Normal	GRCh38	enriched using a pan T-cell isolation kit/sorted for live CD45+CD3+ cells	True	transitional T cells	3.3365288	2.1822138
ACTGTCCAGTATTGGA-1	1359.0	658.0	0.047829285	2020-03-18-82	Small (0 < X <= 0.01)	Single (0 < X <= 1)	X2020.03.18.82	Control0082_BM_Tcells	Control0082	Normal	 Bone marrow mononuclear cells (BMMCs)	male	Fresh frozen	CD8+ Cytotoxic	mononuclear cells	5' Chromium Single Cell	CellRanger v.5.0	19 years	Unassigned	Unassigned	Unassigned	Unassigned	Unassigned	Unassigned	Unassigned	Unassigned	Control young	Aspirate	Normal	GRCh38	enriched using a pan T-cell isolation kit/sorted for live CD45+CD3+ cells	True	terminal effector T cells	7.527646	-4.0709014
ACTGTCCCAATGGACG-1	3161.0	1380.0	0.041758936	2020-03-18-82	Small (0 < X <= 0.01)	Single (0 < X <= 1)	X2020.03.18.82	Control0082_BM_Tcells	Control0082	Normal	 Bone marrow mononuclear cells (BMMCs)	male	Fresh frozen	Gamma-delta T cell (gd T)	mononuclear cells	5' Chromium Single Cell	CellRanger v.5.0	19 years	Unassigned	Unassigned	Unassigned	Unassigned	Unassigned	Unassigned	Unassigned	Unassigned	Control young	Aspirate	Normal	GRCh38	enriched using a pan T-cell isolation kit/sorted for live CD45+CD3+ cells	True	terminal effector T cells	7.336121	-2.2566857
ACTTACTAGTAGGTGC-1	2431.0	986.0	0.08720691	2020-03-18-82	Large (0.01 < X <= 0.1)	Medium (5 < X <= 20)	X2020.03.18.82	Control0082_BM_Tcells	Control0082	Normal	 Bone marrow mononuclear cells (BMMCs)	male	Fresh frozen	CD8+ Cytotoxic	mononuclear cells	5' Chromium Single Cell	CellRanger v.5.0	19 years	Unassigned	Unassigned	Unassigned	Unassigned	Unassigned	Unassigned	Unassigned	Unassigned	Control young	Aspirate	Normal	GRCh38	enriched using a pan T-cell isolation kit/sorted for live CD45+CD3+ cells	True	terminal effector T cells	7.40359	-3.894102
ACTTACTTCTGTTGAG-1	1460.0	807.0	0.04109589	2020-03-18-82	Small (0 < X <= 0.01)	Small (1 < X <= 5)	X2020.03.18.82	Control0082_BM_Tcells	Control0082	Normal	 Bone marrow mononuclear cells (BMMCs)	male	Fresh frozen	CD8+ GZMK+	mononuclear cells	5' Chromium Single Cell	CellRanger v.5.0	19 years	Unassigned	Unassigned	Unassigned	Unassigned	Unassigned	Unassigned	Unassigned	Unassigned	Control young	Aspirate	Normal	GRCh38	enriched using a pan T-cell isolation kit/sorted for live CD45+CD3+ cells	True	terminal effector T cells	2.7745607	1.0221629
ACTTGTTAGTCAATAG-1	1934.0	828.0	0.10444674	2020-03-18-82	Small (0 < X <= 0.01)	Medium (5 < X <= 20)	X2020.03.18.82	Control0082_BM_Tcells	Control0082	Normal	 Bone marrow mononuclear cells (BMMCs)	male	Fresh frozen	CD8+ Cytotoxic	mononuclear cells	5' Chromium Single Cell	CellRanger v.5.0	19 years	Unassigned	Unassigned	Unassigned	Unassigned	Unassigned	Unassigned	Unassigned	Unassigned	Control young	Aspirate	Normal	GRCh38	enriched using a pan T-cell isolation kit/sorted for live CD45+CD3+ cells	True	terminal effector T cells	7.240942	-3.5360866
ACTTGTTGTATTCTCT-1	3152.0	1150.0	0.017766498	2020-03-18-82	Small (0 < X <= 0.01)	Single (0 < X <= 1)	X2020.03.18.82	Control0082_BM_Tcells	Control0082	Normal	 Bone marrow mononuclear cells (BMMCs)	male	Fresh frozen	CD4+ central memory T (CD4+ TCM)	mononuclear cells	5' Chromium Single Cell	CellRanger v.5.0	19 years	Unassigned	Unassigned	Unassigned	Unassigned	Unassigned	Unassigned	Unassigned	Unassigned	Control young	Aspirate	Normal	GRCh38	enriched using a pan T-cell isolation kit/sorted for live CD45+CD3+ cells	True	naive / central memory T cells	-6.082021	1.090849
ACTTGTTGTTATCGGT-1	2329.0	1069.0	0.024474023	2020-03-18-82	Small (0 < X <= 0.01)	Small (1 < X <= 5)	X2020.03.18.82	Control0082_BM_Tcells	Control0082	Normal	 Bone marrow mononuclear cells (BMMCs)	male	Fresh frozen	CD8+ Cytotoxic	mononuclear cells	5' Chromium Single Cell	CellRanger v.5.0	19 years	Unassigned	Unassigned	Unassigned	Unassigned	Unassigned	Unassigned	Unassigned	Unassigned	Control young	Aspirate	Normal	GRCh38	enriched using a pan T-cell isolation kit/sorted for live CD45+CD3+ cells	True	terminal effector T cells	4.2099004	-1.431485
ACTTTCACAATACGCT-1	2851.0	1278.0	0.008768853	2020-03-18-82	Small (0 < X <= 0.01)	Single (0 < X <= 1)	X2020.03.18.82	Control0082_BM_Tcells	Control0082	Normal	 Bone marrow mononuclear cells (BMMCs)	male	Fresh frozen	Regulatory T cell (Treg)	mononuclear cells	5' Chromium Single Cell	CellRanger v.5.0	19 years	Unassigned	Unassigned	Unassigned	Unassigned	Unassigned	Unassigned	Unassigned	Unassigned	Control young	Aspirate	Normal	GRCh38	enriched using a pan T-cell isolation kit/sorted for live CD45+CD3+ cells	True	naive / central memory T cells	-4.130179	4.579668
AGAATAGTCGCAGGCT-1	3454.0	1353.0	0.023740591	2020-03-18-82	Small (0 < X <= 0.01)	Single (0 < X <= 1)	X2020.03.18.82	Control0082_BM_Tcells	Control0082	Normal	 Bone marrow mononuclear cells (BMMCs)	male	Fresh frozen	CD4+ central memory T (CD4+ TCM)	mononuclear cells	5' Chromium Single Cell	CellRanger v.5.0	19 years	Unassigned	Unassigned	Unassigned	Unassigned	Unassigned	Unassigned	Unassigned	Unassigned	Control young	Aspirate	Normal	GRCh38	enriched using a pan T-cell isolation kit/sorted for live CD45+CD3+ cells	True	naive / central memory T cells	-4.2366586	3.8987164
AGACGTTCATATGCTG-1	1760.0	857.0	0.023295455	2020-03-18-82	Small (0 < X <= 0.01)	Small (1 < X <= 5)	X2020.03.18.82	Control0082_BM_Tcells	Control0082	Normal	 Bone marrow mononuclear cells (BMMCs)	male	Fresh frozen	CD8+ GZMK+	mononuclear cells	5' Chromium Single Cell	CellRanger v.5.0	19 years	Unassigned	Unassigned	Unassigned	Unassigned	Unassigned	Unassigned	Unassigned	Unassigned	Control young	Aspirate	Normal	GRCh38	enriched using a pan T-cell isolation kit/sorted for live CD45+CD3+ cells	True	terminal effector T cells	-4.8927546	-1.7569214
AGAGTGGCATAAGACA-1	1805.0	877.0	0.023268698	2020-03-18-82	Small (0 < X <= 0.01)	Single (0 < X <= 1)	X2020.03.18.82	Control0082_BM_Tcells	Control0082	Normal	 Bone marrow mononuclear cells (BMMCs)	male	Fresh frozen	CD8+ Cytotoxic	mononuclear cells	5' Chromium Single Cell	CellRanger v.5.0	19 years	Unassigned	Unassigned	Unassigned	Unassigned	Unassigned	Unassigned	Unassigned	Unassigned	Control young	Aspirate	Normal	GRCh38	enriched using a pan T-cell isolation kit/sorted for live CD45+CD3+ cells	True	terminal effector T cells	3.8096936	-1.0904394
AGAGTGGTCATATCGG-1	1903.0	855.0	0.01734104	2020-03-18-82	Small (0 < X <= 0.01)	Single (0 < X <= 1)	X2020.03.18.82	Control0082_BM_Tcells	Control0082	Normal	 Bone marrow mononuclear cells (BMMCs)	male	Fresh frozen	Mucosal-associated invariant T (MAIT)	mononuclear cells	5' Chromium Single Cell	CellRanger v.5.0	19 years	Unassigned	Unassigned	Unassigned	Unassigned	Unassigned	Unassigned	Unassigned	Unassigned	Control young	Aspirate	Normal	GRCh38	enriched using a pan T-cell isolation kit/sorted for live CD45+CD3+ cells	True	transitional T cells	-1.7378016	4.0034575
AGATCTGAGTTCGCAT-1	1289.0	688.0	0.007757952	2020-03-18-82	Small (0 < X <= 0.01)	Single (0 < X <= 1)	X2020.03.18.82	Control0082_BM_Tcells	Control0082	Normal	 Bone marrow mononuclear cells (BMMCs)	male	Fresh frozen	CD8+ Naive	mononuclear cells	5' Chromium Single Cell	CellRanger v.5.0	19 years	Unassigned	Unassigned	Unassigned	Unassigned	Unassigned	Unassigned	Unassigned	Unassigned	Control young	Aspirate	Normal	GRCh38	enriched using a pan T-cell isolation kit/sorted for live CD45+CD3+ cells	True	naive / central memory T cells	-4.1422076	-2.481196
AGATCTGGTACACCGC-1	2516.0	1065.0	0.04292528	2020-03-18-82	Small (0 < X <= 0.01)	Small (1 < X <= 5)	X2020.03.18.82	Control0082_BM_Tcells	Control0082	Normal	 Bone marrow mononuclear cells (BMMCs)	male	Fresh frozen	Gamma-delta T cell (gd T)	mononuclear cells	5' Chromium Single Cell	CellRanger v.5.0	19 years	Unassigned	Unassigned	Unassigned	Unassigned	Unassigned	Unassigned	Unassigned	Unassigned	Control young	Aspirate	Normal	GRCh38	enriched using a pan T-cell isolation kit/sorted for live CD45+CD3+ cells	True	terminal effector T cells	3.9798207	-3.0230787
AGATCTGTCAGAAATG-1	2628.0	1140.0	0.009512938	2020-03-18-82	Small (0 < X <= 0.01)	Single (0 < X <= 1)	X2020.03.18.82	Control0082_BM_Tcells	Control0082	Normal	 Bone marrow mononuclear cells (BMMCs)	male	Fresh frozen	CD4+ central memory T (CD4+ TCM)	mononuclear cells	5' Chromium Single Cell	CellRanger v.5.0	19 years	Unassigned	Unassigned	Unassigned	Unassigned	Unassigned	Unassigned	Unassigned	Unassigned	Control young	Aspirate	Normal	GRCh38	enriched using a pan T-cell isolation kit/sorted for live CD45+CD3+ cells	True	naive / central memory T cells	-7.0426974	0.9445866
AGATTGCCAAACTGCT-1	2066.0	869.0	0.030977735	2020-03-18-82	Small (0 < X <= 0.01)	Single (0 < X <= 1)	X2020.03.18.82	Control0082_BM_Tcells	Control0082	Normal	 Bone marrow mononuclear cells (BMMCs)	male	Fresh frozen	CD8+ Cytotoxic	mononuclear cells	5' Chromium Single Cell	CellRanger v.5.0	19 years	Unassigned	Unassigned	Unassigned	Unassigned	Unassigned	Unassigned	Unassigned	Unassigned	Control young	Aspirate	Normal	GRCh38	enriched using a pan T-cell isolation kit/sorted for live CD45+CD3+ cells	True	terminal effector T cells	7.688706	-4.0228686
AGATTGCCAAGTACCT-1	1669.0	816.0	0.043139603	2020-03-18-82	Small (0 < X <= 0.01)	Single (0 < X <= 1)	X2020.03.18.82	Control0082_BM_Tcells	Control0082	Normal	 Bone marrow mononuclear cells (BMMCs)	male	Fresh frozen	CD8+ Cytotoxic	mononuclear cells	5' Chromium Single Cell	CellRanger v.5.0	19 years	Unassigned	Unassigned	Unassigned	Unassigned	Unassigned	Unassigned	Unassigned	Unassigned	Control young	Aspirate	Normal	GRCh38	enriched using a pan T-cell isolation kit/sorted for live CD45+CD3+ cells	True	terminal effector T cells	7.627546	-4.054851
AGCATACAGAATCTCC-1	2847.0	1113.0	0.0172111	2020-03-18-82	Small (0 < X <= 0.01)	Single (0 < X <= 1)	X2020.03.18.82	Control0082_BM_Tcells	Control0082	Normal	 Bone marrow mononuclear cells (BMMCs)	male	Fresh frozen	CD4+ Naive	mononuclear cells	5' Chromium Single Cell	CellRanger v.5.0	19 years	Unassigned	Unassigned	Unassigned	Unassigned	Unassigned	Unassigned	Unassigned	Unassigned	Control young	Aspirate	Normal	GRCh38	enriched using a pan T-cell isolation kit/sorted for live CD45+CD3+ cells	True	naive / central memory T cells	-7.1834383	-0.0076478035
AGCATACAGCTAGTTC-1	1540.0	754.0	0.024025975	2020-03-18-82	Small (0 < X <= 0.01)	Single (0 < X <= 1)	X2020.03.18.82	Control0082_BM_Tcells	Control0082	Normal	 Bone marrow mononuclear cells (BMMCs)	male	Fresh frozen	CD8+ Naive	mononuclear cells	5' Chromium Single Cell	CellRanger v.5.0	19 years	Unassigned	Unassigned	Unassigned	Unassigned	Unassigned	Unassigned	Unassigned	Unassigned	Control young	Aspirate	Normal	GRCh38	enriched using a pan T-cell isolation kit/sorted for live CD45+CD3+ cells	True	naive / central memory T cells	-4.792393	-2.173781
AGCATACAGGTGTTAA-1	2098.0	962.0	0.027168732	2020-03-18-82	Small (0 < X <= 0.01)	Medium (5 < X <= 20)	X2020.03.18.82	Control0082_BM_Tcells	Control0082	Normal	 Bone marrow mononuclear cells (BMMCs)	male	Fresh frozen	CD8+ Cytotoxic	mononuclear cells	5' Chromium Single Cell	CellRanger v.5.0	19 years	Unassigned	Unassigned	Unassigned	Unassigned	Unassigned	Unassigned	Unassigned	Unassigned	Control young	Aspirate	Normal	GRCh38	enriched using a pan T-cell isolation kit/sorted for live CD45+CD3+ cells	True	terminal effector T cells	4.131947	-1.6380719
AGCATACCACATCTTT-1	3507.0	1320.0	0.017393785	2020-03-18-82	Small (0 < X <= 0.01)	Single (0 < X <= 1)	X2020.03.18.82	Control0082_BM_Tcells	Control0082	Normal	 Bone marrow mononuclear cells (BMMCs)	male	Fresh frozen	Mucosal-associated invariant T (MAIT)	mononuclear cells	5' Chromium Single Cell	CellRanger v.5.0	19 years	Unassigned	Unassigned	Unassigned	Unassigned	Unassigned	Unassigned	Unassigned	Unassigned	Control young	Aspirate	Normal	GRCh38	enriched using a pan T-cell isolation kit/sorted for live CD45+CD3+ cells	True	transitional T cells	-0.9589758	3.747045
AGCATACGTAAGTTCC-1	1265.0	608.0	0.042687748	2020-03-18-82	Small (0 < X <= 0.01)	Single (0 < X <= 1)	X2020.03.18.82	Control0082_BM_Tcells	Control0082	Normal	 Bone marrow mononuclear cells (BMMCs)	male	Fresh frozen	CD4+ Naive	mononuclear cells	5' Chromium Single Cell	CellRanger v.5.0	19 years	Unassigned	Unassigned	Unassigned	Unassigned	Unassigned	Unassigned	Unassigned	Unassigned	Control young	Aspirate	Normal	GRCh38	enriched using a pan T-cell isolation kit/sorted for live CD45+CD3+ cells	True	naive / central memory T cells	-6.0228295	-0.21753441
AGCGGTCTCGTCTGCT-1	3124.0	1218.0	0.02240717	2020-03-18-82	Small (0 < X <= 0.01)	Single (0 < X <= 1)	X2020.03.18.82	Control0082_BM_Tcells	Control0082	Normal	 Bone marrow mononuclear cells (BMMCs)	male	Fresh frozen	CD8+ Cytotoxic	mononuclear cells	5' Chromium Single Cell	CellRanger v.5.0	19 years	Unassigned	Unassigned	Unassigned	Unassigned	Unassigned	Unassigned	Unassigned	Unassigned	Control young	Aspirate	Normal	GRCh38	enriched using a pan T-cell isolation kit/sorted for live CD45+CD3+ cells	True	terminal effector T cells	7.7231417	-3.7839828
AGCGTATCACGGTAAG-1	1610.0	791.0	0.026086956	2020-03-18-82	Small (0 < X <= 0.01)	Single (0 < X <= 1)	X2020.03.18.82	Control0082_BM_Tcells	Control0082	Normal	 Bone marrow mononuclear cells (BMMCs)	male	Fresh frozen	CD8+ GZMK+	mononuclear cells	5' Chromium Single Cell	CellRanger v.5.0	19 years	Unassigned	Unassigned	Unassigned	Unassigned	Unassigned	Unassigned	Unassigned	Unassigned	Control young	Aspirate	Normal	GRCh38	enriched using a pan T-cell isolation kit/sorted for live CD45+CD3+ cells	True	terminal effector T cells	2.603938	1.5354165
AGCGTATTCCCTCAGT-1	1702.0	824.0	0.061104584	2020-03-18-82	Small (0 < X <= 0.01)	Medium (5 < X <= 20)	X2020.03.18.82	Control0082_BM_Tcells	Control0082	Normal	 Bone marrow mononuclear cells (BMMCs)	male	Fresh frozen	CD8+ GZMK+	mononuclear cells	5' Chromium Single Cell	CellRanger v.5.0	19 years	Unassigned	Unassigned	Unassigned	Unassigned	Unassigned	Unassigned	Unassigned	Unassigned	Control young	Aspirate	Normal	GRCh38	enriched using a pan T-cell isolation kit/sorted for live CD45+CD3+ cells	True	terminal effector T cells	2.2512457	1.1766516
AGCTCCTAGAAACCTA-1	2428.0	1072.0	0.03294893	2020-03-18-82	Small (0 < X <= 0.01)	Single (0 < X <= 1)	X2020.03.18.82	Control0082_BM_Tcells	Control0082	Normal	 Bone marrow mononuclear cells (BMMCs)	male	Fresh frozen	CD8+ tissue-resident memory T (TRM)	mononuclear cells	5' Chromium Single Cell	CellRanger v.5.0	19 years	Unassigned	Unassigned	Unassigned	Unassigned	Unassigned	Unassigned	Unassigned	Unassigned	Control young	Aspirate	Normal	GRCh38	enriched using a pan T-cell isolation kit/sorted for live CD45+CD3+ cells	True	transitional T cells	-2.5073364	0.559954
AGCTCCTCAACCGCCA-1	1861.0	864.0	0.03116604	2020-03-18-82	Small (0 < X <= 0.01)	Single (0 < X <= 1)	X2020.03.18.82	Control0082_BM_Tcells	Control0082	Normal	 Bone marrow mononuclear cells (BMMCs)	male	Fresh frozen	CD8+ NK-like	mononuclear cells	5' Chromium Single Cell	CellRanger v.5.0	19 years	Unassigned	Unassigned	Unassigned	Unassigned	Unassigned	Unassigned	Unassigned	Unassigned	Control young	Aspirate	Normal	GRCh38	enriched using a pan T-cell isolation kit/sorted for live CD45+CD3+ cells	True	terminal effector T cells	5.1540427	0.94161594
AGCTCCTCAACGATGG-1	1506.0	803.0	0.035192564	2020-03-18-82	Small (0 < X <= 0.01)	Single (0 < X <= 1)	X2020.03.18.82	Control0082_BM_Tcells	Control0082	Normal	 Bone marrow mononuclear cells (BMMCs)	male	Fresh frozen	CD8+ tissue-resident memory T (TRM)	mononuclear cells	5' Chromium Single Cell	CellRanger v.5.0	19 years	Unassigned	Unassigned	Unassigned	Unassigned	Unassigned	Unassigned	Unassigned	Unassigned	Control young	Aspirate	Normal	GRCh38	enriched using a pan T-cell isolation kit/sorted for live CD45+CD3+ cells	True	transitional T cells	0.16308759	1.2977153
AGCTCCTTCGATGAGG-1	1757.0	832.0	0.03699488	2020-03-18-82	Small (0 < X <= 0.01)	Single (0 < X <= 1)	X2020.03.18.82	Control0082_BM_Tcells	Control0082	Normal	 Bone marrow mononuclear cells (BMMCs)	male	Fresh frozen	CD8+ tissue-resident memory T (TRM)	mononuclear cells	5' Chromium Single Cell	CellRanger v.5.0	19 years	Unassigned	Unassigned	Unassigned	Unassigned	Unassigned	Unassigned	Unassigned	Unassigned	Control young	Aspirate	Normal	GRCh38	enriched using a pan T-cell isolation kit/sorted for live CD45+CD3+ cells	True	transitional T cells	0.1939855	-0.1995499
AGCTCTCTCGTTACGA-1	2069.0	952.0	0.021749638	2020-03-18-82	Small (0 < X <= 0.01)	Single (0 < X <= 1)	X2020.03.18.82	Control0082_BM_Tcells	Control0082	Normal	 Bone marrow mononuclear cells (BMMCs)	male	Fresh frozen	CD4+ central memory T (CD4+ TCM)	mononuclear cells	5' Chromium Single Cell	CellRanger v.5.0	19 years	Unassigned	Unassigned	Unassigned	Unassigned	Unassigned	Unassigned	Unassigned	Unassigned	Control young	Aspirate	Normal	GRCh38	enriched using a pan T-cell isolation kit/sorted for live CD45+CD3+ cells	True	naive / central memory T cells	-1.8843683	2.4842303
AGCTTGACACCAGCAC-1	5422.0	1854.0	0.041497603	2020-03-18-82	Small (0 < X <= 0.01)	Single (0 < X <= 1)	X2020.03.18.82	Control0082_BM_Tcells	Control0082	Normal	 Bone marrow mononuclear cells (BMMCs)	male	Fresh frozen	Gamma-delta T cell (gd T)	mononuclear cells	5' Chromium Single Cell	CellRanger v.5.0	19 years	Unassigned	Unassigned	Unassigned	Unassigned	Unassigned	Unassigned	Unassigned	Unassigned	Control young	Aspirate	Normal	GRCh38	enriched using a pan T-cell isolation kit/sorted for live CD45+CD3+ cells	True	terminal effector T cells	6.33431	-2.078982
AGCTTGAGTATTCTCT-1	1915.0	874.0	0.015143603	2020-03-18-82	Large (0.01 < X <= 0.1)	Medium (5 < X <= 20)	X2020.03.18.82	Control0082_BM_Tcells	Control0082	Normal	 Bone marrow mononuclear cells (BMMCs)	male	Fresh frozen	Gamma-delta T cell (gd T)	mononuclear cells	5' Chromium Single Cell	CellRanger v.5.0	19 years	Unassigned	Unassigned	Unassigned	Unassigned	Unassigned	Unassigned	Unassigned	Unassigned	Control young	Aspirate	Normal	GRCh38	enriched using a pan T-cell isolation kit/sorted for live CD45+CD3+ cells	True	terminal effector T cells	3.6992078	0.06895263
AGCTTGATCGTTACAG-1	1637.0	786.0	0.023213195	2020-03-18-82	Small (0 < X <= 0.01)	Single (0 < X <= 1)	X2020.03.18.82	Control0082_BM_Tcells	Control0082	Normal	 Bone marrow mononuclear cells (BMMCs)	male	Fresh frozen	CD8+ Naive	mononuclear cells	5' Chromium Single Cell	CellRanger v.5.0	19 years	Unassigned	Unassigned	Unassigned	Unassigned	Unassigned	Unassigned	Unassigned	Unassigned	Control young	Aspirate	Normal	GRCh38	enriched using a pan T-cell isolation kit/sorted for live CD45+CD3+ cells	True	naive / central memory T cells	-4.500207	-1.8535777
AGGCCACAGCGTTCCG-1	1335.0	740.0	0.0247191	2020-03-18-82	Large (0.01 < X <= 0.1)	Medium (5 < X <= 20)	X2020.03.18.82	Control0082_BM_Tcells	Control0082	Normal	 Bone marrow mononuclear cells (BMMCs)	male	Fresh frozen	CD8+ tissue-resident memory T (TRM)	mononuclear cells	5' Chromium Single Cell	CellRanger v.5.0	19 years	Unassigned	Unassigned	Unassigned	Unassigned	Unassigned	Unassigned	Unassigned	Unassigned	Control young	Aspirate	Normal	GRCh38	enriched using a pan T-cell isolation kit/sorted for live CD45+CD3+ cells	True	transitional T cells	1.2093136	2.0760798
AGGCCACGTATATGGA-1	1402.0	783.0	0.027817404	2020-03-18-82	Large (0.01 < X <= 0.1)	Large (20 < X <= 100)	X2020.03.18.82	Control0082_BM_Tcells	Control0082	Normal	 Bone marrow mononuclear cells (BMMCs)	male	Fresh frozen	CD8+ Cytotoxic	mononuclear cells	5' Chromium Single Cell	CellRanger v.5.0	19 years	Unassigned	Unassigned	Unassigned	Unassigned	Unassigned	Unassigned	Unassigned	Unassigned	Control young	Aspirate	Normal	GRCh38	enriched using a pan T-cell isolation kit/sorted for live CD45+CD3+ cells	True	terminal effector T cells	4.1623964	-1.4131321
AGGCCACTCACTATTC-1	1483.0	728.0	0.07012812	2020-03-18-82	Small (0 < X <= 0.01)	Single (0 < X <= 1)	X2020.03.18.82	Control0082_BM_Tcells	Control0082	Normal	 Bone marrow mononuclear cells (BMMCs)	male	Fresh frozen	CD8+ NK-like	mononuclear cells	5' Chromium Single Cell	CellRanger v.5.0	19 years	Unassigned	Unassigned	Unassigned	Unassigned	Unassigned	Unassigned	Unassigned	Unassigned	Control young	Aspirate	Normal	GRCh38	enriched using a pan T-cell isolation kit/sorted for live CD45+CD3+ cells	True	terminal effector T cells	4.2624345	2.0215278
AGGCCGTCATCTACGA-1	2361.0	963.0	0.041084286	2020-03-18-82	Small (0 < X <= 0.01)	Single (0 < X <= 1)	X2020.03.18.82	Control0082_BM_Tcells	Control0082	Normal	 Bone marrow mononuclear cells (BMMCs)	male	Fresh frozen	CD8+ GZMK+	mononuclear cells	5' Chromium Single Cell	CellRanger v.5.0	19 years	Unassigned	Unassigned	Unassigned	Unassigned	Unassigned	Unassigned	Unassigned	Unassigned	Control young	Aspirate	Normal	GRCh38	enriched using a pan T-cell isolation kit/sorted for live CD45+CD3+ cells	True	terminal effector T cells	2.5388558	0.9605628
AGGCCGTGTCCCTACT-1	1721.0	756.0	0.05171412	2020-03-18-82	Small (0 < X <= 0.01)	Single (0 < X <= 1)	X2020.03.18.82	Control0082_BM_Tcells	Control0082	Normal	 Bone marrow mononuclear cells (BMMCs)	male	Fresh frozen	CD8+ Naive	mononuclear cells	5' Chromium Single Cell	CellRanger v.5.0	19 years	Unassigned	Unassigned	Unassigned	Unassigned	Unassigned	Unassigned	Unassigned	Unassigned	Control young	Aspirate	Normal	GRCh38	enriched using a pan T-cell isolation kit/sorted for live CD45+CD3+ cells	True	naive / central memory T cells	-3.7888334	-2.618592
AGGCCGTGTTTCCACC-1	1930.0	871.0	0.004663212	2020-03-18-82	Small (0 < X <= 0.01)	Single (0 < X <= 1)	X2020.03.18.82	Control0082_BM_Tcells	Control0082	Normal	 Bone marrow mononuclear cells (BMMCs)	male	Fresh frozen	CD4+ central memory T (CD4+ TCM)	mononuclear cells	5' Chromium Single Cell	CellRanger v.5.0	19 years	Unassigned	Unassigned	Unassigned	Unassigned	Unassigned	Unassigned	Unassigned	Unassigned	Control young	Aspirate	Normal	GRCh38	enriched using a pan T-cell isolation kit/sorted for live CD45+CD3+ cells	True	naive / central memory T cells	-6.8853164	2.406128
AGGGAGTCAGATGGGT-1	1924.0	899.0	0.037941787	2020-03-18-82	Small (0 < X <= 0.01)	Single (0 < X <= 1)	X2020.03.18.82	Control0082_BM_Tcells	Control0082	Normal	 Bone marrow mononuclear cells (BMMCs)	male	Fresh frozen	CD8+ Cytotoxic	mononuclear cells	5' Chromium Single Cell	CellRanger v.5.0	19 years	Unassigned	Unassigned	Unassigned	Unassigned	Unassigned	Unassigned	Unassigned	Unassigned	Control young	Aspirate	Normal	GRCh38	enriched using a pan T-cell isolation kit/sorted for live CD45+CD3+ cells	True	terminal effector T cells	7.5922904	-3.9306026
AGGGATGGTGTTCTTT-1	1545.0	736.0	0.045954693	2020-03-18-82	Small (0 < X <= 0.01)	Single (0 < X <= 1)	X2020.03.18.82	Control0082_BM_Tcells	Control0082	Normal	 Bone marrow mononuclear cells (BMMCs)	male	Fresh frozen	CD4+ Naive	mononuclear cells	5' Chromium Single Cell	CellRanger v.5.0	19 years	Unassigned	Unassigned	Unassigned	Unassigned	Unassigned	Unassigned	Unassigned	Unassigned	Control young	Aspirate	Normal	GRCh38	enriched using a pan T-cell isolation kit/sorted for live CD45+CD3+ cells	True	naive / central memory T cells	-4.243816	-0.36327195
AGGGATGGTTTGCATG-1	1519.0	771.0	0.032258064	2020-03-18-82	Small (0 < X <= 0.01)	Single (0 < X <= 1)	X2020.03.18.82	Control0082_BM_Tcells	Control0082	Normal	 Bone marrow mononuclear cells (BMMCs)	male	Fresh frozen	Gamma-delta T cell (gd T)	mononuclear cells	5' Chromium Single Cell	CellRanger v.5.0	19 years	Unassigned	Unassigned	Unassigned	Unassigned	Unassigned	Unassigned	Unassigned	Unassigned	Control young	Aspirate	Normal	GRCh38	enriched using a pan T-cell isolation kit/sorted for live CD45+CD3+ cells	True	terminal effector T cells	5.9942017	0.27220994
AGGGATGTCATGCAAC-1	2788.0	1078.0	0.046269726	2020-03-18-82	Small (0 < X <= 0.01)	Single (0 < X <= 1)	X2020.03.18.82	Control0082_BM_Tcells	Control0082	Normal	 Bone marrow mononuclear cells (BMMCs)	male	Fresh frozen	CD4+ central memory T (CD4+ TCM)	mononuclear cells	5' Chromium Single Cell	CellRanger v.5.0	19 years	Unassigned	Unassigned	Unassigned	Unassigned	Unassigned	Unassigned	Unassigned	Unassigned	Control young	Aspirate	Normal	GRCh38	enriched using a pan T-cell isolation kit/sorted for live CD45+CD3+ cells	True	naive / central memory T cells	-4.2432203	4.572838
AGGGTGAGTCTGCCAG-1	1782.0	812.0	0.028058361	2020-03-18-82	Large (0.01 < X <= 0.1)	Medium (5 < X <= 20)	X2020.03.18.82	Control0082_BM_Tcells	Control0082	Normal	 Bone marrow mononuclear cells (BMMCs)	male	Fresh frozen	CD8+ GZMK+	mononuclear cells	5' Chromium Single Cell	CellRanger v.5.0	19 years	Unassigned	Unassigned	Unassigned	Unassigned	Unassigned	Unassigned	Unassigned	Unassigned	Control young	Aspirate	Normal	GRCh38	enriched using a pan T-cell isolation kit/sorted for live CD45+CD3+ cells	True	terminal effector T cells	2.6393557	-0.8023659
AGGTCATAGTCAAGGC-1	2930.0	1060.0	0.013993174	2020-03-18-82	Small (0 < X <= 0.01)	Single (0 < X <= 1)	X2020.03.18.82	Control0082_BM_Tcells	Control0082	Normal	 Bone marrow mononuclear cells (BMMCs)	male	Fresh frozen	CD4+ central memory T (CD4+ TCM)	mononuclear cells	5' Chromium Single Cell	CellRanger v.5.0	19 years	Unassigned	Unassigned	Unassigned	Unassigned	Unassigned	Unassigned	Unassigned	Unassigned	Control young	Aspirate	Normal	GRCh38	enriched using a pan T-cell isolation kit/sorted for live CD45+CD3+ cells	True	naive / central memory T cells	-6.0076504	1.3838214
AGGTCATTCAGATAAG-1	1998.0	933.0	0.029029028	2020-03-18-82	Small (0 < X <= 0.01)	Single (0 < X <= 1)	X2020.03.18.82	Control0082_BM_Tcells	Control0082	Normal	 Bone marrow mononuclear cells (BMMCs)	male	Fresh frozen	CD8+ Cytotoxic	mononuclear cells	5' Chromium Single Cell	CellRanger v.5.0	19 years	Unassigned	Unassigned	Unassigned	Unassigned	Unassigned	Unassigned	Unassigned	Unassigned	Control young	Aspirate	Normal	GRCh38	enriched using a pan T-cell isolation kit/sorted for live CD45+CD3+ cells	True	terminal effector T cells	2.9391146	0.9061881
AGGTCCGTCCAAGTAC-1	1704.0	787.0	0.08861502	2020-03-18-82	Small (0 < X <= 0.01)	Medium (5 < X <= 20)	X2020.03.18.82	Control0082_BM_Tcells	Control0082	Normal	 Bone marrow mononuclear cells (BMMCs)	male	Fresh frozen	CD8+ GZMK+	mononuclear cells	5' Chromium Single Cell	CellRanger v.5.0	19 years	Unassigned	Unassigned	Unassigned	Unassigned	Unassigned	Unassigned	Unassigned	Unassigned	Control young	Aspirate	Normal	GRCh38	enriched using a pan T-cell isolation kit/sorted for live CD45+CD3+ cells	True	terminal effector T cells	2.2988946	1.2949687
AGTAGTCCACGTCAGC-1	3752.0	1064.0	0.0141258	2020-03-18-82	Small (0 < X <= 0.01)	Single (0 < X <= 1)	X2020.03.18.82	Control0082_BM_Tcells	Control0082	Normal	 Bone marrow mononuclear cells (BMMCs)	male	Fresh frozen	CD4+ central memory T (CD4+ TCM)	mononuclear cells	5' Chromium Single Cell	CellRanger v.5.0	19 years	Unassigned	Unassigned	Unassigned	Unassigned	Unassigned	Unassigned	Unassigned	Unassigned	Control young	Aspirate	Normal	GRCh38	enriched using a pan T-cell isolation kit/sorted for live CD45+CD3+ cells	True	naive / central memory T cells	-5.507567	0.96148294
AGTAGTCGTGGTCCGT-1	1122.0	633.0	0.015151516	2020-03-18-82	Small (0 < X <= 0.01)	Single (0 < X <= 1)	X2020.03.18.82	Control0082_BM_Tcells	Control0082	Normal	 Bone marrow mononuclear cells (BMMCs)	male	Fresh frozen	Gamma-delta T cell (gd T)	mononuclear cells	5' Chromium Single Cell	CellRanger v.5.0	19 years	Unassigned	Unassigned	Unassigned	Unassigned	Unassigned	Unassigned	Unassigned	Unassigned	Control young	Aspirate	Normal	GRCh38	enriched using a pan T-cell isolation kit/sorted for live CD45+CD3+ cells	True	terminal effector T cells	2.7662568	1.6508441
AGTAGTCGTTGGTAAA-1	2325.0	1124.0	0.04473118	2020-03-18-82	Small (0 < X <= 0.01)	Small (1 < X <= 5)	X2020.03.18.82	Control0082_BM_Tcells	Control0082	Normal	 Bone marrow mononuclear cells (BMMCs)	male	Fresh frozen	CD8+ Cytotoxic	mononuclear cells	5' Chromium Single Cell	CellRanger v.5.0	19 years	Unassigned	Unassigned	Unassigned	Unassigned	Unassigned	Unassigned	Unassigned	Unassigned	Control young	Aspirate	Normal	GRCh38	enriched using a pan T-cell isolation kit/sorted for live CD45+CD3+ cells	True	terminal effector T cells	6.807416	-2.0470579
AGTCTTTAGTAGATGT-1	2174.0	1039.0	0.07543698	2020-03-18-82	Small (0 < X <= 0.01)	Small (1 < X <= 5)	X2020.03.18.82	Control0082_BM_Tcells	Control0082	Normal	 Bone marrow mononuclear cells (BMMCs)	male	Fresh frozen	Gamma-delta T cell (gd T)	mononuclear cells	5' Chromium Single Cell	CellRanger v.5.0	19 years	Unassigned	Unassigned	Unassigned	Unassigned	Unassigned	Unassigned	Unassigned	Unassigned	Control young	Aspirate	Normal	GRCh38	enriched using a pan T-cell isolation kit/sorted for live CD45+CD3+ cells	True	terminal effector T cells	3.3879085	0.3098631
AGTCTTTCAAGCCCAC-1	2345.0	1037.0	0.026865672	2020-03-18-82	Small (0 < X <= 0.01)	Single (0 < X <= 1)	X2020.03.18.82	Control0082_BM_Tcells	Control0082	Normal	 Bone marrow mononuclear cells (BMMCs)	male	Fresh frozen	Mucosal-associated invariant T (MAIT)	mononuclear cells	5' Chromium Single Cell	CellRanger v.5.0	19 years	Unassigned	Unassigned	Unassigned	Unassigned	Unassigned	Unassigned	Unassigned	Unassigned	Control young	Aspirate	Normal	GRCh38	enriched using a pan T-cell isolation kit/sorted for live CD45+CD3+ cells	True	transitional T cells	-1.3458916	3.9382756
AGTGAGGAGAGCTTCT-1	2620.0	1248.0	0.06870229	2020-03-18-82	Small (0 < X <= 0.01)	Single (0 < X <= 1)	X2020.03.18.82	Control0082_BM_Tcells	Control0082	Normal	 Bone marrow mononuclear cells (BMMCs)	male	Fresh frozen	CD8+ tissue-resident memory T (TRM)	mononuclear cells	5' Chromium Single Cell	CellRanger v.5.0	19 years	Unassigned	Unassigned	Unassigned	Unassigned	Unassigned	Unassigned	Unassigned	Unassigned	Control young	Aspirate	Normal	GRCh38	enriched using a pan T-cell isolation kit/sorted for live CD45+CD3+ cells	True	transitional T cells	-0.21953191	0.36722028
AGTGAGGAGAGTAAGG-1	1992.0	926.0	0.025100403	2020-03-18-82	Small (0 < X <= 0.01)	Small (1 < X <= 5)	X2020.03.18.82	Control0082_BM_Tcells	Control0082	Normal	 Bone marrow mononuclear cells (BMMCs)	male	Fresh frozen	CD8+ Cytotoxic	mononuclear cells	5' Chromium Single Cell	CellRanger v.5.0	19 years	Unassigned	Unassigned	Unassigned	Unassigned	Unassigned	Unassigned	Unassigned	Unassigned	Control young	Aspirate	Normal	GRCh38	enriched using a pan T-cell isolation kit/sorted for live CD45+CD3+ cells	True	terminal effector T cells	4.362653	-1.2736341
AGTGAGGCAACCGCCA-1	1763.0	836.0	0.023823028	2020-03-18-82	Large (0.01 < X <= 0.1)	Medium (5 < X <= 20)	X2020.03.18.82	Control0082_BM_Tcells	Control0082	Normal	 Bone marrow mononuclear cells (BMMCs)	male	Fresh frozen	CD8+ GZMK+	mononuclear cells	5' Chromium Single Cell	CellRanger v.5.0	19 years	Unassigned	Unassigned	Unassigned	Unassigned	Unassigned	Unassigned	Unassigned	Unassigned	Control young	Aspirate	Normal	GRCh38	enriched using a pan T-cell isolation kit/sorted for live CD45+CD3+ cells	True	terminal effector T cells	2.8957782	1.3645829
AGTGTCATCCTCATTA-1	1571.0	711.0	0.02546149	2020-03-18-82	Small (0 < X <= 0.01)	Medium (5 < X <= 20)	X2020.03.18.82	Control0082_BM_Tcells	Control0082	Normal	 Bone marrow mononuclear cells (BMMCs)	male	Fresh frozen	CD8+ GZMK+	mononuclear cells	5' Chromium Single Cell	CellRanger v.5.0	19 years	Unassigned	Unassigned	Unassigned	Unassigned	Unassigned	Unassigned	Unassigned	Unassigned	Control young	Aspirate	Normal	GRCh38	enriched using a pan T-cell isolation kit/sorted for live CD45+CD3+ cells	True	terminal effector T cells	2.0816145	-0.92989373
AGTTGGTCAATGAATG-1	2924.0	1274.0	0.019493844	2020-03-18-82	Small (0 < X <= 0.01)	Single (0 < X <= 1)	X2020.03.18.82	Control0082_BM_Tcells	Control0082	Normal	 Bone marrow mononuclear cells (BMMCs)	male	Fresh frozen	CD8+ GZMK+	mononuclear cells	5' Chromium Single Cell	CellRanger v.5.0	19 years	Unassigned	Unassigned	Unassigned	Unassigned	Unassigned	Unassigned	Unassigned	Unassigned	Control young	Aspirate	Normal	GRCh38	enriched using a pan T-cell isolation kit/sorted for live CD45+CD3+ cells	True	terminal effector T cells	1.5175805	1.9799114
ATAACGCCACAGGAGT-1	1704.0	837.0	0.019953052	2020-03-18-82	Small (0 < X <= 0.01)	Single (0 < X <= 1)	X2020.03.18.82	Control0082_BM_Tcells	Control0082	Normal	 Bone marrow mononuclear cells (BMMCs)	male	Fresh frozen	CD8+ Naive	mononuclear cells	5' Chromium Single Cell	CellRanger v.5.0	19 years	Unassigned	Unassigned	Unassigned	Unassigned	Unassigned	Unassigned	Unassigned	Unassigned	Control young	Aspirate	Normal	GRCh38	enriched using a pan T-cell isolation kit/sorted for live CD45+CD3+ cells	True	naive / central memory T cells	-3.1841998	-2.8732598
ATAAGAGAGGGAAACA-1	2022.0	898.0	0.03560831	2020-03-18-82	Large (0.01 < X <= 0.1)	Medium (5 < X <= 20)	X2020.03.18.82	Control0082_BM_Tcells	Control0082	Normal	 Bone marrow mononuclear cells (BMMCs)	male	Fresh frozen	CD8+ GZMK+	mononuclear cells	5' Chromium Single Cell	CellRanger v.5.0	19 years	Unassigned	Unassigned	Unassigned	Unassigned	Unassigned	Unassigned	Unassigned	Unassigned	Control young	Aspirate	Normal	GRCh38	enriched using a pan T-cell isolation kit/sorted for live CD45+CD3+ cells	True	terminal effector T cells	2.2315502	1.2199005
ATAAGAGTCATCGATG-1	1969.0	916.0	0.020314882	2020-03-18-82	Small (0 < X <= 0.01)	Single (0 < X <= 1)	X2020.03.18.82	Control0082_BM_Tcells	Control0082	Normal	 Bone marrow mononuclear cells (BMMCs)	male	Fresh frozen	CD4+ central memory T (CD4+ TCM)	mononuclear cells	5' Chromium Single Cell	CellRanger v.5.0	19 years	Unassigned	Unassigned	Unassigned	Unassigned	Unassigned	Unassigned	Unassigned	Unassigned	Control young	Aspirate	Normal	GRCh38	enriched using a pan T-cell isolation kit/sorted for live CD45+CD3+ cells	True	naive / central memory T cells	-5.960473	1.2984816
ATAGACCCATCCCACT-1	1737.0	736.0	0.03972366	2020-03-18-82	Small (0 < X <= 0.01)	Medium (5 < X <= 20)	X2020.03.18.82	Control0082_BM_Tcells	Control0082	Normal	 Bone marrow mononuclear cells (BMMCs)	male	Fresh frozen	CD8+ Cytotoxic	mononuclear cells	5' Chromium Single Cell	CellRanger v.5.0	19 years	Unassigned	Unassigned	Unassigned	Unassigned	Unassigned	Unassigned	Unassigned	Unassigned	Control young	Aspirate	Normal	GRCh38	enriched using a pan T-cell isolation kit/sorted for live CD45+CD3+ cells	True	terminal effector T cells	7.618365	-3.9853249
ATAGACCCATTTGCTT-1	1472.0	700.0	0.019701088	2020-03-18-82	Small (0 < X <= 0.01)	Small (1 < X <= 5)	X2020.03.18.82	Control0082_BM_Tcells	Control0082	Normal	 Bone marrow mononuclear cells (BMMCs)	male	Fresh frozen	Gamma-delta T cell (gd T)	mononuclear cells	5' Chromium Single Cell	CellRanger v.5.0	19 years	Unassigned	Unassigned	Unassigned	Unassigned	Unassigned	Unassigned	Unassigned	Unassigned	Control young	Aspirate	Normal	GRCh38	enriched using a pan T-cell isolation kit/sorted for live CD45+CD3+ cells	True	terminal effector T cells	2.781561	2.0984693
ATAGACCGTGTGCGTC-1	1802.0	867.0	0.024417315	2020-03-18-82	Small (0 < X <= 0.01)	Single (0 < X <= 1)	X2020.03.18.82	Control0082_BM_Tcells	Control0082	Normal	 Bone marrow mononuclear cells (BMMCs)	male	Fresh frozen	Mucosal-associated invariant T (MAIT)	mononuclear cells	5' Chromium Single Cell	CellRanger v.5.0	19 years	Unassigned	Unassigned	Unassigned	Unassigned	Unassigned	Unassigned	Unassigned	Unassigned	Control young	Aspirate	Normal	GRCh38	enriched using a pan T-cell isolation kit/sorted for live CD45+CD3+ cells	True	transitional T cells	-2.4494584	3.7761815
ATAGACCTCTCCGGTT-1	2023.0	925.0	0.03559071	2020-03-18-82	Small (0 < X <= 0.01)	Single (0 < X <= 1)	X2020.03.18.82	Control0082_BM_Tcells	Control0082	Normal	 Bone marrow mononuclear cells (BMMCs)	male	Fresh frozen	CD4+ Naive	mononuclear cells	5' Chromium Single Cell	CellRanger v.5.0	19 years	Unassigned	Unassigned	Unassigned	Unassigned	Unassigned	Unassigned	Unassigned	Unassigned	Control young	Aspirate	Normal	GRCh38	enriched using a pan T-cell isolation kit/sorted for live CD45+CD3+ cells	True	naive / central memory T cells	-3.8344376	-2.5697894
ATAGACCTCTTGTACT-1	3026.0	1341.0	0.049239922	2020-03-18-82	Small (0 < X <= 0.01)	Single (0 < X <= 1)	X2020.03.18.82	Control0082_BM_Tcells	Control0082	Normal	 Bone marrow mononuclear cells (BMMCs)	male	Fresh frozen	Mucosal-associated invariant T (MAIT)	mononuclear cells	5' Chromium Single Cell	CellRanger v.5.0	19 years	Unassigned	Unassigned	Unassigned	Unassigned	Unassigned	Unassigned	Unassigned	Unassigned	Control young	Aspirate	Normal	GRCh38	enriched using a pan T-cell isolation kit/sorted for live CD45+CD3+ cells	True	transitional T cells	-1.8806812	3.3165162
ATCACGAAGCTAAACA-1	2282.0	1180.0	0.039000876	2020-03-18-82	Large (0.01 < X <= 0.1)	Medium (5 < X <= 20)	X2020.03.18.82	Control0082_BM_Tcells	Control0082	Normal	 Bone marrow mononuclear cells (BMMCs)	male	Fresh frozen	CD8+ tissue-resident memory T (TRM)	mononuclear cells	5' Chromium Single Cell	CellRanger v.5.0	19 years	Unassigned	Unassigned	Unassigned	Unassigned	Unassigned	Unassigned	Unassigned	Unassigned	Control young	Aspirate	Normal	GRCh38	enriched using a pan T-cell isolation kit/sorted for live CD45+CD3+ cells	True	transitional T cells	0.17496616	1.8450334
ATCATCTCACCTCGTT-1	2630.0	1057.0	0.02661597	2020-03-18-82	Small (0 < X <= 0.01)	Single (0 < X <= 1)	X2020.03.18.82	Control0082_BM_Tcells	Control0082	Normal	 Bone marrow mononuclear cells (BMMCs)	male	Fresh frozen	CD4+ Naive	mononuclear cells	5' Chromium Single Cell	CellRanger v.5.0	19 years	Unassigned	Unassigned	Unassigned	Unassigned	Unassigned	Unassigned	Unassigned	Unassigned	Control young	Aspirate	Normal	GRCh38	enriched using a pan T-cell isolation kit/sorted for live CD45+CD3+ cells	True	naive / central memory T cells	-6.448961	0.59186757
ATCATGGAGCCAGAAC-1	2514.0	978.0	0.021877486	2020-03-18-82	Small (0 < X <= 0.01)	Single (0 < X <= 1)	X2020.03.18.82	Control0082_BM_Tcells	Control0082	Normal	 Bone marrow mononuclear cells (BMMCs)	male	Fresh frozen	CD8+ Naive	mononuclear cells	5' Chromium Single Cell	CellRanger v.5.0	19 years	Unassigned	Unassigned	Unassigned	Unassigned	Unassigned	Unassigned	Unassigned	Unassigned	Control young	Aspirate	Normal	GRCh38	enriched using a pan T-cell isolation kit/sorted for live CD45+CD3+ cells	True	naive / central memory T cells	-2.8955557	-2.139071
ATCATGGAGGAGCGAG-1	1315.0	642.0	0.03041825	2020-03-18-82	Small (0 < X <= 0.01)	Single (0 < X <= 1)	X2020.03.18.82	Control0082_BM_Tcells	Control0082	Normal	 Bone marrow mononuclear cells (BMMCs)	male	Fresh frozen	CD8+ GZMK+	mononuclear cells	5' Chromium Single Cell	CellRanger v.5.0	19 years	Unassigned	Unassigned	Unassigned	Unassigned	Unassigned	Unassigned	Unassigned	Unassigned	Control young	Aspirate	Normal	GRCh38	enriched using a pan T-cell isolation kit/sorted for live CD45+CD3+ cells	True	terminal effector T cells	-2.8755953	0.49156967
ATCGAGTCATCACCCT-1	2163.0	1020.0	0.025889968	2020-03-18-82	Small (0 < X <= 0.01)	Single (0 < X <= 1)	X2020.03.18.82	Control0082_BM_Tcells	Control0082	Normal	 Bone marrow mononuclear cells (BMMCs)	male	Fresh frozen	CD8+ Cytotoxic	mononuclear cells	5' Chromium Single Cell	CellRanger v.5.0	19 years	Unassigned	Unassigned	Unassigned	Unassigned	Unassigned	Unassigned	Unassigned	Unassigned	Control young	Aspirate	Normal	GRCh38	enriched using a pan T-cell isolation kit/sorted for live CD45+CD3+ cells	True	terminal effector T cells	7.58027	-3.8010101
ATCGAGTCATTGAGCT-1	1383.0	716.0	0.059291396	2020-03-18-82	Small (0 < X <= 0.01)	Single (0 < X <= 1)	X2020.03.18.82	Control0082_BM_Tcells	Control0082	Normal	 Bone marrow mononuclear cells (BMMCs)	male	Fresh frozen	CD4+ central memory T (CD4+ TCM)	mononuclear cells	5' Chromium Single Cell	CellRanger v.5.0	19 years	Unassigned	Unassigned	Unassigned	Unassigned	Unassigned	Unassigned	Unassigned	Unassigned	Control young	Aspirate	Normal	GRCh38	enriched using a pan T-cell isolation kit/sorted for live CD45+CD3+ cells	True	naive / central memory T cells	-2.625342	-0.08499514
ATCGAGTTCATTGCCC-1	1325.0	656.0	0.08603773	2020-03-18-82	Large (0.01 < X <= 0.1)	Medium (5 < X <= 20)	X2020.03.18.82	Control0082_BM_Tcells	Control0082	Normal	 Bone marrow mononuclear cells (BMMCs)	male	Fresh frozen	CD8+ Cytotoxic	mononuclear cells	5' Chromium Single Cell	CellRanger v.5.0	19 years	Unassigned	Unassigned	Unassigned	Unassigned	Unassigned	Unassigned	Unassigned	Unassigned	Control young	Aspirate	Normal	GRCh38	enriched using a pan T-cell isolation kit/sorted for live CD45+CD3+ cells	True	terminal effector T cells	7.43876	-3.943273
ATCTACTCAAGAGGCT-1	1665.0	813.0	0.037837837	2020-03-18-82	Large (0.01 < X <= 0.1)	Large (20 < X <= 100)	X2020.03.18.82	Control0082_BM_Tcells	Control0082	Normal	 Bone marrow mononuclear cells (BMMCs)	male	Fresh frozen	CD8+ GZMK+	mononuclear cells	5' Chromium Single Cell	CellRanger v.5.0	19 years	Unassigned	Unassigned	Unassigned	Unassigned	Unassigned	Unassigned	Unassigned	Unassigned	Control young	Aspirate	Normal	GRCh38	enriched using a pan T-cell isolation kit/sorted for live CD45+CD3+ cells	True	terminal effector T cells	2.68373	-0.4886247
ATGCGATGTGCACCAC-1	1334.0	669.0	0.010494753	2020-03-18-82	Small (0 < X <= 0.01)	Single (0 < X <= 1)	X2020.03.18.82	Control0082_BM_Tcells	Control0082	Normal	 Bone marrow mononuclear cells (BMMCs)	male	Fresh frozen	CD8+ GZMK+	mononuclear cells	5' Chromium Single Cell	CellRanger v.5.0	19 years	Unassigned	Unassigned	Unassigned	Unassigned	Unassigned	Unassigned	Unassigned	Unassigned	Control young	Aspirate	Normal	GRCh38	enriched using a pan T-cell isolation kit/sorted for live CD45+CD3+ cells	True	terminal effector T cells	8.424499	-1.8624886
ATGGGAGAGATGGCGT-1	1260.0	679.0	0.053968254	2020-03-18-82	Small (0 < X <= 0.01)	Small (1 < X <= 5)	X2020.03.18.82	Control0082_BM_Tcells	Control0082	Normal	 Bone marrow mononuclear cells (BMMCs)	male	Fresh frozen	CD8+ GZMK+	mononuclear cells	5' Chromium Single Cell	CellRanger v.5.0	19 years	Unassigned	Unassigned	Unassigned	Unassigned	Unassigned	Unassigned	Unassigned	Unassigned	Control young	Aspirate	Normal	GRCh38	enriched using a pan T-cell isolation kit/sorted for live CD45+CD3+ cells	True	terminal effector T cells	2.380533	0.5591628
ATGGGAGAGTGCCATT-1	2628.0	1052.0	0.039193302	2020-03-18-82	Small (0 < X <= 0.01)	Single (0 < X <= 1)	X2020.03.18.82	Control0082_BM_Tcells	Control0082	Normal	 Bone marrow mononuclear cells (BMMCs)	male	Fresh frozen	CD4+ central memory T (CD4+ TCM)	mononuclear cells	5' Chromium Single Cell	CellRanger v.5.0	19 years	Unassigned	Unassigned	Unassigned	Unassigned	Unassigned	Unassigned	Unassigned	Unassigned	Control young	Aspirate	Normal	GRCh38	enriched using a pan T-cell isolation kit/sorted for live CD45+CD3+ cells	True	naive / central memory T cells	-4.2417245	4.629421
ATGGGAGTCCCGACTT-1	1041.0	582.0	0.018251682	2020-03-18-82	Large (0.01 < X <= 0.1)	Medium (5 < X <= 20)	X2020.03.18.82	Control0082_BM_Tcells	Control0082	Normal	 Bone marrow mononuclear cells (BMMCs)	male	Fresh frozen	CD8+ Cytotoxic	mononuclear cells	5' Chromium Single Cell	CellRanger v.5.0	19 years	Unassigned	Unassigned	Unassigned	Unassigned	Unassigned	Unassigned	Unassigned	Unassigned	Control young	Aspirate	Normal	GRCh38	enriched using a pan T-cell isolation kit/sorted for live CD45+CD3+ cells	True	terminal effector T cells	7.6639795	-4.0502434
ATGTGTGAGCTCAACT-1	1735.0	809.0	0.022478387	2020-03-18-82	Large (0.01 < X <= 0.1)	Medium (5 < X <= 20)	X2020.03.18.82	Control0082_BM_Tcells	Control0082	Normal	 Bone marrow mononuclear cells (BMMCs)	male	Fresh frozen	Gamma-delta T cell (gd T)	mononuclear cells	5' Chromium Single Cell	CellRanger v.5.0	19 years	Unassigned	Unassigned	Unassigned	Unassigned	Unassigned	Unassigned	Unassigned	Unassigned	Control young	Aspirate	Normal	GRCh38	enriched using a pan T-cell isolation kit/sorted for live CD45+CD3+ cells	True	terminal effector T cells	4.078259	-0.79506576
ATTACTCCACAGCGTC-1	755.0	442.0	0.023841059	2020-03-18-82	Small (0 < X <= 0.01)	Single (0 < X <= 1)	X2020.03.18.82	Control0082_BM_Tcells	Control0082	Normal	 Bone marrow mononuclear cells (BMMCs)	male	Fresh frozen	CD4+ Naive	mononuclear cells	5' Chromium Single Cell	CellRanger v.5.0	19 years	Unassigned	Unassigned	Unassigned	Unassigned	Unassigned	Unassigned	Unassigned	Unassigned	Control young	Aspirate	Normal	GRCh38	enriched using a pan T-cell isolation kit/sorted for live CD45+CD3+ cells	True	naive / central memory T cells	-3.6650062	-1.649208
ATTATCCAGTTCCACA-1	3582.0	1439.0	0.02596315	2020-03-18-82	Small (0 < X <= 0.01)	Single (0 < X <= 1)	X2020.03.18.82	Control0082_BM_Tcells	Control0082	Normal	 Bone marrow mononuclear cells (BMMCs)	male	Fresh frozen	CD8+ tissue-resident memory T (TRM)	mononuclear cells	5' Chromium Single Cell	CellRanger v.5.0	19 years	Unassigned	Unassigned	Unassigned	Unassigned	Unassigned	Unassigned	Unassigned	Unassigned	Control young	Aspirate	Normal	GRCh38	enriched using a pan T-cell isolation kit/sorted for live CD45+CD3+ cells	True	transitional T cells	0.96980625	2.4070606
ATTATCCCACCTATCC-1	1860.0	920.0	0.052150536	2020-03-18-82	Large (0.01 < X <= 0.1)	Medium (5 < X <= 20)	X2020.03.18.82	Control0082_BM_Tcells	Control0082	Normal	 Bone marrow mononuclear cells (BMMCs)	male	Fresh frozen	CD8+ GZMK+	mononuclear cells	5' Chromium Single Cell	CellRanger v.5.0	19 years	Unassigned	Unassigned	Unassigned	Unassigned	Unassigned	Unassigned	Unassigned	Unassigned	Control young	Aspirate	Normal	GRCh38	enriched using a pan T-cell isolation kit/sorted for live CD45+CD3+ cells	True	terminal effector T cells	2.4434092	2.4982626
ATTATCCGTCTAGAGG-1	2499.0	946.0	0.009603841	2020-03-18-82	Small (0 < X <= 0.01)	Single (0 < X <= 1)	X2020.03.18.82	Control0082_BM_Tcells	Control0082	Normal	 Bone marrow mononuclear cells (BMMCs)	male	Fresh frozen	CD4+ Naive	mononuclear cells	5' Chromium Single Cell	CellRanger v.5.0	19 years	Unassigned	Unassigned	Unassigned	Unassigned	Unassigned	Unassigned	Unassigned	Unassigned	Control young	Aspirate	Normal	GRCh38	enriched using a pan T-cell isolation kit/sorted for live CD45+CD3+ cells	True	naive / central memory T cells	-6.9541144	0.6877882
ATTATCCGTTAGGGTG-1	1020.0	540.0	0.03627451	2020-03-18-82	Small (0 < X <= 0.01)	Single (0 < X <= 1)	X2020.03.18.82	Control0082_BM_Tcells	Control0082	Normal	 Bone marrow mononuclear cells (BMMCs)	male	Fresh frozen	CD4+ central memory T (CD4+ TCM)	mononuclear cells	5' Chromium Single Cell	CellRanger v.5.0	19 years	Unassigned	Unassigned	Unassigned	Unassigned	Unassigned	Unassigned	Unassigned	Unassigned	Control young	Aspirate	Normal	GRCh38	enriched using a pan T-cell isolation kit/sorted for live CD45+CD3+ cells	True	naive / central memory T cells	-4.5081854	-0.48454225
ATTCTACCACTCGACG-1	1839.0	884.0	0.040783033	2020-03-18-82	Small (0 < X <= 0.01)	Small (1 < X <= 5)	X2020.03.18.82	Control0082_BM_Tcells	Control0082	Normal	 Bone marrow mononuclear cells (BMMCs)	male	Fresh frozen	CD8+ tissue-resident memory T (TRM)	mononuclear cells	5' Chromium Single Cell	CellRanger v.5.0	19 years	Unassigned	Unassigned	Unassigned	Unassigned	Unassigned	Unassigned	Unassigned	Unassigned	Control young	Aspirate	Normal	GRCh38	enriched using a pan T-cell isolation kit/sorted for live CD45+CD3+ cells	True	transitional T cells	3.22621	3.019521
ATTCTACGTAGCTTGT-1	3851.0	1499.0	0.03427681	2020-03-18-82	Large (0.01 < X <= 0.1)	Medium (5 < X <= 20)	X2020.03.18.82	Control0082_BM_Tcells	Control0082	Normal	 Bone marrow mononuclear cells (BMMCs)	male	Fresh frozen	Gamma-delta T cell (gd T)	mononuclear cells	5' Chromium Single Cell	CellRanger v.5.0	19 years	Unassigned	Unassigned	Unassigned	Unassigned	Unassigned	Unassigned	Unassigned	Unassigned	Control young	Aspirate	Normal	GRCh38	enriched using a pan T-cell isolation kit/sorted for live CD45+CD3+ cells	True	terminal effector T cells	2.8232002	-3.411592
ATTGGACGTTGGGACA-1	4821.0	1390.0	0.019290604	2020-03-18-82	Small (0 < X <= 0.01)	Small (1 < X <= 5)	X2020.03.18.82	Control0082_BM_Tcells	Control0082	Normal	 Bone marrow mononuclear cells (BMMCs)	male	Fresh frozen	CD4+ Naive	mononuclear cells	5' Chromium Single Cell	CellRanger v.5.0	19 years	Unassigned	Unassigned	Unassigned	Unassigned	Unassigned	Unassigned	Unassigned	Unassigned	Control young	Aspirate	Normal	GRCh38	enriched using a pan T-cell isolation kit/sorted for live CD45+CD3+ cells	True	naive / central memory T cells	-4.417658	4.6086516
ATTTCTGAGAAACCAT-1	1922.0	858.0	0.05671176	2020-03-18-82	Small (0 < X <= 0.01)	Single (0 < X <= 1)	X2020.03.18.82	Control0082_BM_Tcells	Control0082	Normal	 Bone marrow mononuclear cells (BMMCs)	male	Fresh frozen	CD8+ tissue-resident memory T (TRM)	mononuclear cells	5' Chromium Single Cell	CellRanger v.5.0	19 years	Unassigned	Unassigned	Unassigned	Unassigned	Unassigned	Unassigned	Unassigned	Unassigned	Control young	Aspirate	Normal	GRCh38	enriched using a pan T-cell isolation kit/sorted for live CD45+CD3+ cells	True	transitional T cells	0.23134035	0.20666696
ATTTCTGCAGACTCGC-1	5454.0	2069.0	0.036303632	2020-03-18-82	Small (0 < X <= 0.01)	Small (1 < X <= 5)	X2020.03.18.82	Control0082_BM_Tcells	Control0082	Normal	 Bone marrow mononuclear cells (BMMCs)	male	Fresh frozen	Mucosal-associated invariant T (MAIT)	mononuclear cells	5' Chromium Single Cell	CellRanger v.5.0	19 years	Unassigned	Unassigned	Unassigned	Unassigned	Unassigned	Unassigned	Unassigned	Unassigned	Control young	Aspirate	Normal	GRCh38	enriched using a pan T-cell isolation kit/sorted for live CD45+CD3+ cells	True	transitional T cells	3.7731526	0.053436406
ATTTCTGCATCCGGGT-1	1936.0	879.0	0.027376033	2020-03-18-82	Small (0 < X <= 0.01)	Small (1 < X <= 5)	X2020.03.18.82	Control0082_BM_Tcells	Control0082	Normal	 Bone marrow mononuclear cells (BMMCs)	male	Fresh frozen	CD8+ Cytotoxic	mononuclear cells	5' Chromium Single Cell	CellRanger v.5.0	19 years	Unassigned	Unassigned	Unassigned	Unassigned	Unassigned	Unassigned	Unassigned	Unassigned	Control young	Aspirate	Normal	GRCh38	enriched using a pan T-cell isolation kit/sorted for live CD45+CD3+ cells	True	terminal effector T cells	3.6709406	-1.0899271
CAACCAAAGTGCAAGC-1	1764.0	818.0	0.031746034	2020-03-18-82	Large (0.01 < X <= 0.1)	Medium (5 < X <= 20)	X2020.03.18.82	Control0082_BM_Tcells	Control0082	Normal	 Bone marrow mononuclear cells (BMMCs)	male	Fresh frozen	CD8+ GZMK+	mononuclear cells	5' Chromium Single Cell	CellRanger v.5.0	19 years	Unassigned	Unassigned	Unassigned	Unassigned	Unassigned	Unassigned	Unassigned	Unassigned	Control young	Aspirate	Normal	GRCh38	enriched using a pan T-cell isolation kit/sorted for live CD45+CD3+ cells	True	terminal effector T cells	-4.311332	-0.6336858
CAACCTCAGTAGCCGA-1	1414.0	676.0	0.06789251	2020-03-18-82	Small (0 < X <= 0.01)	Single (0 < X <= 1)	X2020.03.18.82	Control0082_BM_Tcells	Control0082	Normal	 Bone marrow mononuclear cells (BMMCs)	male	Fresh frozen	CD8+ Cytotoxic	mononuclear cells	5' Chromium Single Cell	CellRanger v.5.0	19 years	Unassigned	Unassigned	Unassigned	Unassigned	Unassigned	Unassigned	Unassigned	Unassigned	Control young	Aspirate	Normal	GRCh38	enriched using a pan T-cell isolation kit/sorted for live CD45+CD3+ cells	True	terminal effector T cells	7.61843	-4.043987
CAACCTCAGTGTCCAT-1	1752.0	846.0	0.006849315	2020-03-18-82	Small (0 < X <= 0.01)	Single (0 < X <= 1)	X2020.03.18.82	Control0082_BM_Tcells	Control0082	Normal	 Bone marrow mononuclear cells (BMMCs)	male	Fresh frozen	CD8+ GZMK+	mononuclear cells	5' Chromium Single Cell	CellRanger v.5.0	19 years	Unassigned	Unassigned	Unassigned	Unassigned	Unassigned	Unassigned	Unassigned	Unassigned	Control young	Aspirate	Normal	GRCh38	enriched using a pan T-cell isolation kit/sorted for live CD45+CD3+ cells	True	terminal effector T cells	3.0713177	-0.40396154
CAACCTCGTACAGTGG-1	2699.0	1173.0	0.030381624	2020-03-18-82	Small (0 < X <= 0.01)	Single (0 < X <= 1)	X2020.03.18.82	Control0082_BM_Tcells	Control0082	Normal	 Bone marrow mononuclear cells (BMMCs)	male	Fresh frozen	CD8+ Cytotoxic	mononuclear cells	5' Chromium Single Cell	CellRanger v.5.0	19 years	Unassigned	Unassigned	Unassigned	Unassigned	Unassigned	Unassigned	Unassigned	Unassigned	Control young	Aspirate	Normal	GRCh38	enriched using a pan T-cell isolation kit/sorted for live CD45+CD3+ cells	True	terminal effector T cells	5.7409897	-1.1745611
CAACTAGAGAAGGACA-1	2103.0	860.0	0.039467428	2020-03-18-82	Small (0 < X <= 0.01)	Single (0 < X <= 1)	X2020.03.18.82	Control0082_BM_Tcells	Control0082	Normal	 Bone marrow mononuclear cells (BMMCs)	male	Fresh frozen	CD4+ central memory T (CD4+ TCM)	mononuclear cells	5' Chromium Single Cell	CellRanger v.5.0	19 years	Unassigned	Unassigned	Unassigned	Unassigned	Unassigned	Unassigned	Unassigned	Unassigned	Control young	Aspirate	Normal	GRCh38	enriched using a pan T-cell isolation kit/sorted for live CD45+CD3+ cells	True	naive / central memory T cells	-4.684784	1.8217533
CAACTAGAGATGCCTT-1	2167.0	967.0	0.082141206	2020-03-18-82	Large (0.01 < X <= 0.1)	Large (20 < X <= 100)	X2020.03.18.82	Control0082_BM_Tcells	Control0082	Normal	 Bone marrow mononuclear cells (BMMCs)	male	Fresh frozen	CD8+ Cytotoxic	mononuclear cells	5' Chromium Single Cell	CellRanger v.5.0	19 years	Unassigned	Unassigned	Unassigned	Unassigned	Unassigned	Unassigned	Unassigned	Unassigned	Control young	Aspirate	Normal	GRCh38	enriched using a pan T-cell isolation kit/sorted for live CD45+CD3+ cells	True	terminal effector T cells	7.4756355	-3.7540941
CAACTAGGTAAGAGAG-1	1411.0	747.0	0.029057406	2020-03-18-82	Small (0 < X <= 0.01)	Single (0 < X <= 1)	X2020.03.18.82	Control0082_BM_Tcells	Control0082	Normal	 Bone marrow mononuclear cells (BMMCs)	male	Fresh frozen	CD8+ GZMK+	mononuclear cells	5' Chromium Single Cell	CellRanger v.5.0	19 years	Unassigned	Unassigned	Unassigned	Unassigned	Unassigned	Unassigned	Unassigned	Unassigned	Control young	Aspirate	Normal	GRCh38	enriched using a pan T-cell isolation kit/sorted for live CD45+CD3+ cells	True	terminal effector T cells	2.8454	1.4798623
CAAGGCCAGAGGGCTT-1	1650.0	778.0	0.033333335	2020-03-18-82	Small (0 < X <= 0.01)	Small (1 < X <= 5)	X2020.03.18.82	Control0082_BM_Tcells	Control0082	Normal	 Bone marrow mononuclear cells (BMMCs)	male	Fresh frozen	CD4+ Naive	mononuclear cells	5' Chromium Single Cell	CellRanger v.5.0	19 years	Unassigned	Unassigned	Unassigned	Unassigned	Unassigned	Unassigned	Unassigned	Unassigned	Control young	Aspirate	Normal	GRCh38	enriched using a pan T-cell isolation kit/sorted for live CD45+CD3+ cells	True	naive / central memory T cells	-4.538634	-0.644454
CAAGGCCCAGATCTGT-1	2697.0	1139.0	0.013348165	2020-03-18-82	Small (0 < X <= 0.01)	Single (0 < X <= 1)	X2020.03.18.82	Control0082_BM_Tcells	Control0082	Normal	 Bone marrow mononuclear cells (BMMCs)	male	Fresh frozen	CD4+ central memory T (CD4+ TCM)	mononuclear cells	5' Chromium Single Cell	CellRanger v.5.0	19 years	Unassigned	Unassigned	Unassigned	Unassigned	Unassigned	Unassigned	Unassigned	Unassigned	Control young	Aspirate	Normal	GRCh38	enriched using a pan T-cell isolation kit/sorted for live CD45+CD3+ cells	True	naive / central memory T cells	-6.49477	0.78833604
CAAGTTGAGCTTTGGT-1	1652.0	798.0	0.023002421	2020-03-18-82	Small (0 < X <= 0.01)	Small (1 < X <= 5)	X2020.03.18.82	Control0082_BM_Tcells	Control0082	Normal	 Bone marrow mononuclear cells (BMMCs)	male	Fresh frozen	CD8+ GZMK+	mononuclear cells	5' Chromium Single Cell	CellRanger v.5.0	19 years	Unassigned	Unassigned	Unassigned	Unassigned	Unassigned	Unassigned	Unassigned	Unassigned	Control young	Aspirate	Normal	GRCh38	enriched using a pan T-cell isolation kit/sorted for live CD45+CD3+ cells	True	terminal effector T cells	2.8992314	0.990046
CACAAACCATTCACTT-1	1386.0	697.0	0.036796536	2020-03-18-82	Small (0 < X <= 0.01)	Single (0 < X <= 1)	X2020.03.18.82	Control0082_BM_Tcells	Control0082	Normal	 Bone marrow mononuclear cells (BMMCs)	male	Fresh frozen	CD8+ tissue-resident memory T (TRM)	mononuclear cells	5' Chromium Single Cell	CellRanger v.5.0	19 years	Unassigned	Unassigned	Unassigned	Unassigned	Unassigned	Unassigned	Unassigned	Unassigned	Control young	Aspirate	Normal	GRCh38	enriched using a pan T-cell isolation kit/sorted for live CD45+CD3+ cells	True	transitional T cells	-1.3016787	2.502336
CACACAACAAGGTTTC-1	2674.0	1125.0	0.04749439	2020-03-18-82	Small (0 < X <= 0.01)	Small (1 < X <= 5)	X2020.03.18.82	Control0082_BM_Tcells	Control0082	Normal	 Bone marrow mononuclear cells (BMMCs)	male	Fresh frozen	CD8+ Cytotoxic	mononuclear cells	5' Chromium Single Cell	CellRanger v.5.0	19 years	Unassigned	Unassigned	Unassigned	Unassigned	Unassigned	Unassigned	Unassigned	Unassigned	Control young	Aspirate	Normal	GRCh38	enriched using a pan T-cell isolation kit/sorted for live CD45+CD3+ cells	True	terminal effector T cells	7.5769005	-3.9155974
CACACTCCAAAGAATC-1	3764.0	1193.0	0.015409139	2020-03-18-82	Small (0 < X <= 0.01)	Single (0 < X <= 1)	X2020.03.18.82	Control0082_BM_Tcells	Control0082	Normal	 Bone marrow mononuclear cells (BMMCs)	male	Fresh frozen	CD8+ Naive	mononuclear cells	5' Chromium Single Cell	CellRanger v.5.0	19 years	Unassigned	Unassigned	Unassigned	Unassigned	Unassigned	Unassigned	Unassigned	Unassigned	Control young	Aspirate	Normal	GRCh38	enriched using a pan T-cell isolation kit/sorted for live CD45+CD3+ cells	True	naive / central memory T cells	-5.6990814	-1.331808
CACAGGCAGAATCTCC-1	1051.0	547.0	0.04376784	2020-03-18-82	Small (0 < X <= 0.01)	Single (0 < X <= 1)	X2020.03.18.82	Control0082_BM_Tcells	Control0082	Normal	 Bone marrow mononuclear cells (BMMCs)	male	Fresh frozen	Regulatory T cell (Treg)	mononuclear cells	5' Chromium Single Cell	CellRanger v.5.0	19 years	Unassigned	Unassigned	Unassigned	Unassigned	Unassigned	Unassigned	Unassigned	Unassigned	Control young	Aspirate	Normal	GRCh38	enriched using a pan T-cell isolation kit/sorted for live CD45+CD3+ cells	True	naive / central memory T cells	-4.1657033	4.5563912
CACAGGCAGCGATTCT-1	1370.0	718.0	0.043065693	2020-03-18-82	Large (0.01 < X <= 0.1)	Medium (5 < X <= 20)	X2020.03.18.82	Control0082_BM_Tcells	Control0082	Normal	 Bone marrow mononuclear cells (BMMCs)	male	Fresh frozen	CD8+ GZMK+	mononuclear cells	5' Chromium Single Cell	CellRanger v.5.0	19 years	Unassigned	Unassigned	Unassigned	Unassigned	Unassigned	Unassigned	Unassigned	Unassigned	Control young	Aspirate	Normal	GRCh38	enriched using a pan T-cell isolation kit/sorted for live CD45+CD3+ cells	True	terminal effector T cells	2.837869	1.0363579
CACAGTAAGATTACCC-1	1984.0	962.0	0.030241935	2020-03-18-82	Small (0 < X <= 0.01)	Single (0 < X <= 1)	X2020.03.18.82	Control0082_BM_Tcells	Control0082	Normal	 Bone marrow mononuclear cells (BMMCs)	male	Fresh frozen	Gamma-delta T cell (gd T)	mononuclear cells	5' Chromium Single Cell	CellRanger v.5.0	19 years	Unassigned	Unassigned	Unassigned	Unassigned	Unassigned	Unassigned	Unassigned	Unassigned	Control young	Aspirate	Normal	GRCh38	enriched using a pan T-cell isolation kit/sorted for live CD45+CD3+ cells	True	terminal effector T cells	-4.0191174	-2.7555265
CACAGTAAGTTGTCGT-1	1319.0	716.0	0.025777103	2020-03-18-82	Small (0 < X <= 0.01)	Single (0 < X <= 1)	X2020.03.18.82	Control0082_BM_Tcells	Control0082	Normal	 Bone marrow mononuclear cells (BMMCs)	male	Fresh frozen	CD8+ Naive	mononuclear cells	5' Chromium Single Cell	CellRanger v.5.0	19 years	Unassigned	Unassigned	Unassigned	Unassigned	Unassigned	Unassigned	Unassigned	Unassigned	Control young	Aspirate	Normal	GRCh38	enriched using a pan T-cell isolation kit/sorted for live CD45+CD3+ cells	True	naive / central memory T cells	-4.1031556	-2.496626
CACAGTAGTTCCATGA-1	1774.0	838.0	0.030439684	2020-03-18-82	Small (0 < X <= 0.01)	Single (0 < X <= 1)	X2020.03.18.82	Control0082_BM_Tcells	Control0082	Normal	 Bone marrow mononuclear cells (BMMCs)	male	Fresh frozen	CD8+ tissue-resident memory T (TRM)	mononuclear cells	5' Chromium Single Cell	CellRanger v.5.0	19 years	Unassigned	Unassigned	Unassigned	Unassigned	Unassigned	Unassigned	Unassigned	Unassigned	Control young	Aspirate	Normal	GRCh38	enriched using a pan T-cell isolation kit/sorted for live CD45+CD3+ cells	True	transitional T cells	3.2986016	2.8942077
CACATAGCACCAGATT-1	2171.0	918.0	0.03869185	2020-03-18-82	Large (0.01 < X <= 0.1)	Medium (5 < X <= 20)	X2020.03.18.82	Control0082_BM_Tcells	Control0082	Normal	 Bone marrow mononuclear cells (BMMCs)	male	Fresh frozen	CD8+ tissue-resident memory T (TRM)	mononuclear cells	5' Chromium Single Cell	CellRanger v.5.0	19 years	Unassigned	Unassigned	Unassigned	Unassigned	Unassigned	Unassigned	Unassigned	Unassigned	Control young	Aspirate	Normal	GRCh38	enriched using a pan T-cell isolation kit/sorted for live CD45+CD3+ cells	True	transitional T cells	0.1995658	0.87454176
CACCACTAGAGAACAG-1	2344.0	1135.0	0.048634812	2020-03-18-82	Small (0 < X <= 0.01)	Single (0 < X <= 1)	X2020.03.18.82	Control0082_BM_Tcells	Control0082	Normal	 Bone marrow mononuclear cells (BMMCs)	male	Fresh frozen	CD8+ GZMK+	mononuclear cells	5' Chromium Single Cell	CellRanger v.5.0	19 years	Unassigned	Unassigned	Unassigned	Unassigned	Unassigned	Unassigned	Unassigned	Unassigned	Control young	Aspirate	Normal	GRCh38	enriched using a pan T-cell isolation kit/sorted for live CD45+CD3+ cells	True	terminal effector T cells	1.9568125	2.1026783
CACCTTGAGGCATGTG-1	2347.0	1122.0	0.022155944	2020-03-18-82	Small (0 < X <= 0.01)	Single (0 < X <= 1)	X2020.03.18.82	Control0082_BM_Tcells	Control0082	Normal	 Bone marrow mononuclear cells (BMMCs)	male	Fresh frozen	Gamma-delta T cell (gd T)	mononuclear cells	5' Chromium Single Cell	CellRanger v.5.0	19 years	Unassigned	Unassigned	Unassigned	Unassigned	Unassigned	Unassigned	Unassigned	Unassigned	Control young	Aspirate	Normal	GRCh38	enriched using a pan T-cell isolation kit/sorted for live CD45+CD3+ cells	True	terminal effector T cells	7.228384	-3.1554756
CACCTTGTCATTCACT-1	1586.0	751.0	0.03152585	2020-03-18-82	Large (0.01 < X <= 0.1)	Medium (5 < X <= 20)	X2020.03.18.82	Control0082_BM_Tcells	Control0082	Normal	 Bone marrow mononuclear cells (BMMCs)	male	Fresh frozen	CD8+ GZMK+	mononuclear cells	5' Chromium Single Cell	CellRanger v.5.0	19 years	Unassigned	Unassigned	Unassigned	Unassigned	Unassigned	Unassigned	Unassigned	Unassigned	Control young	Aspirate	Normal	GRCh38	enriched using a pan T-cell isolation kit/sorted for live CD45+CD3+ cells	True	terminal effector T cells	2.893141	2.0031066
CACCTTGTCGAACGGA-1	3339.0	1343.0	0.03533992	2020-03-18-82	Small (0 < X <= 0.01)	Single (0 < X <= 1)	X2020.03.18.82	Control0082_BM_Tcells	Control0082	Normal	 Bone marrow mononuclear cells (BMMCs)	male	Fresh frozen	CD8+ Cytotoxic	mononuclear cells	5' Chromium Single Cell	CellRanger v.5.0	19 years	Unassigned	Unassigned	Unassigned	Unassigned	Unassigned	Unassigned	Unassigned	Unassigned	Control young	Aspirate	Normal	GRCh38	enriched using a pan T-cell isolation kit/sorted for live CD45+CD3+ cells	True	terminal effector T cells	6.2675385	-1.968748
CACTCCAAGAAACGAG-1	2689.0	1075.0	0.013759762	2020-03-18-82	Small (0 < X <= 0.01)	Single (0 < X <= 1)	X2020.03.18.82	Control0082_BM_Tcells	Control0082	Normal	 Bone marrow mononuclear cells (BMMCs)	male	Fresh frozen	CD4+ central memory T (CD4+ TCM)	mononuclear cells	5' Chromium Single Cell	CellRanger v.5.0	19 years	Unassigned	Unassigned	Unassigned	Unassigned	Unassigned	Unassigned	Unassigned	Unassigned	Control young	Aspirate	Normal	GRCh38	enriched using a pan T-cell isolation kit/sorted for live CD45+CD3+ cells	True	naive / central memory T cells	-5.95623	1.9241139
CACTCCAGTCAGGACA-1	1835.0	881.0	0.016893733	2020-03-18-82	Large (0.01 < X <= 0.1)	Large (20 < X <= 100)	X2020.03.18.82	Control0082_BM_Tcells	Control0082	Normal	 Bone marrow mononuclear cells (BMMCs)	male	Fresh frozen	CD8+ Cytotoxic	mononuclear cells	5' Chromium Single Cell	CellRanger v.5.0	19 years	Unassigned	Unassigned	Unassigned	Unassigned	Unassigned	Unassigned	Unassigned	Unassigned	Control young	Aspirate	Normal	GRCh38	enriched using a pan T-cell isolation kit/sorted for live CD45+CD3+ cells	True	terminal effector T cells	3.8187442	-1.3282169
CACTCCAGTGTTCTTT-1	2134.0	982.0	0.036551077	2020-03-18-82	Large (0.01 < X <= 0.1)	Medium (5 < X <= 20)	X2020.03.18.82	Control0082_BM_Tcells	Control0082	Normal	 Bone marrow mononuclear cells (BMMCs)	male	Fresh frozen	CD8+ GZMK+	mononuclear cells	5' Chromium Single Cell	CellRanger v.5.0	19 years	Unassigned	Unassigned	Unassigned	Unassigned	Unassigned	Unassigned	Unassigned	Unassigned	Control young	Aspirate	Normal	GRCh38	enriched using a pan T-cell isolation kit/sorted for live CD45+CD3+ cells	True	terminal effector T cells	2.1305635	-0.75032127
CAGAGAGCAATTCCTT-1	2273.0	961.0	0.029036516	2020-03-18-82	Small (0 < X <= 0.01)	Single (0 < X <= 1)	X2020.03.18.82	Control0082_BM_Tcells	Control0082	Normal	 Bone marrow mononuclear cells (BMMCs)	male	Fresh frozen	CD8+ Naive	mononuclear cells	5' Chromium Single Cell	CellRanger v.5.0	19 years	Unassigned	Unassigned	Unassigned	Unassigned	Unassigned	Unassigned	Unassigned	Unassigned	Control young	Aspirate	Normal	GRCh38	enriched using a pan T-cell isolation kit/sorted for live CD45+CD3+ cells	True	naive / central memory T cells	-3.3173492	-3.188634
CAGAGAGGTTGCGTTA-1	1156.0	599.0	0.030276816	2020-03-18-82	Small (0 < X <= 0.01)	Single (0 < X <= 1)	X2020.03.18.82	Control0082_BM_Tcells	Control0082	Normal	 Bone marrow mononuclear cells (BMMCs)	male	Fresh frozen	CD4+ Naive	mononuclear cells	5' Chromium Single Cell	CellRanger v.5.0	19 years	Unassigned	Unassigned	Unassigned	Unassigned	Unassigned	Unassigned	Unassigned	Unassigned	Control young	Aspirate	Normal	GRCh38	enriched using a pan T-cell isolation kit/sorted for live CD45+CD3+ cells	True	naive / central memory T cells	-6.343048	-1.9412166
CAGCAGCTCAGGCAAG-1	2070.0	883.0	0.013043478	2020-03-18-82	Small (0 < X <= 0.01)	Single (0 < X <= 1)	X2020.03.18.82	Control0082_BM_Tcells	Control0082	Normal	 Bone marrow mononuclear cells (BMMCs)	male	Fresh frozen	CD4+ Naive	mononuclear cells	5' Chromium Single Cell	CellRanger v.5.0	19 years	Unassigned	Unassigned	Unassigned	Unassigned	Unassigned	Unassigned	Unassigned	Unassigned	Control young	Aspirate	Normal	GRCh38	enriched using a pan T-cell isolation kit/sorted for live CD45+CD3+ cells	True	naive / central memory T cells	-6.178278	0.6129681
CAGCATACAGACACTT-1	2806.0	1207.0	0.013542409	2020-03-18-82	Small (0 < X <= 0.01)	Single (0 < X <= 1)	X2020.03.18.82	Control0082_BM_Tcells	Control0082	Normal	 Bone marrow mononuclear cells (BMMCs)	male	Fresh frozen	CD8+ Naive	mononuclear cells	5' Chromium Single Cell	CellRanger v.5.0	19 years	Unassigned	Unassigned	Unassigned	Unassigned	Unassigned	Unassigned	Unassigned	Unassigned	Control young	Aspirate	Normal	GRCh38	enriched using a pan T-cell isolation kit/sorted for live CD45+CD3+ cells	True	naive / central memory T cells	-2.5438938	-2.6744037
CAGCCGAAGGTAGCCA-1	2298.0	1032.0	0.07528286	2020-03-18-82	Small (0 < X <= 0.01)	Single (0 < X <= 1)	X2020.03.18.82	Control0082_BM_Tcells	Control0082	Normal	 Bone marrow mononuclear cells (BMMCs)	male	Fresh frozen	Gamma-delta T cell (gd T)	mononuclear cells	5' Chromium Single Cell	CellRanger v.5.0	19 years	Unassigned	Unassigned	Unassigned	Unassigned	Unassigned	Unassigned	Unassigned	Unassigned	Control young	Aspirate	Normal	GRCh38	enriched using a pan T-cell isolation kit/sorted for live CD45+CD3+ cells	True	terminal effector T cells	-4.32236	4.081584
CAGCCGACACTATCTT-1	2550.0	1037.0	0.035686273	2020-03-18-82	Small (0 < X <= 0.01)	Small (1 < X <= 5)	X2020.03.18.82	Control0082_BM_Tcells	Control0082	Normal	 Bone marrow mononuclear cells (BMMCs)	male	Fresh frozen	CD8+ GZMK+	mononuclear cells	5' Chromium Single Cell	CellRanger v.5.0	19 years	Unassigned	Unassigned	Unassigned	Unassigned	Unassigned	Unassigned	Unassigned	Unassigned	Control young	Aspirate	Normal	GRCh38	enriched using a pan T-cell isolation kit/sorted for live CD45+CD3+ cells	True	terminal effector T cells	2.392142	-0.100000374
CAGCCGAGTTGATTCG-1	1815.0	782.0	0.031404957	2020-03-18-82	Small (0 < X <= 0.01)	Single (0 < X <= 1)	X2020.03.18.82	Control0082_BM_Tcells	Control0082	Normal	 Bone marrow mononuclear cells (BMMCs)	male	Fresh frozen	CD8+ Cytotoxic	mononuclear cells	5' Chromium Single Cell	CellRanger v.5.0	19 years	Unassigned	Unassigned	Unassigned	Unassigned	Unassigned	Unassigned	Unassigned	Unassigned	Control young	Aspirate	Normal	GRCh38	enriched using a pan T-cell isolation kit/sorted for live CD45+CD3+ cells	True	terminal effector T cells	7.536924	-3.8370943
CAGCGACAGGATGGAA-1	1722.0	764.0	0.040069688	2020-03-18-82	Small (0 < X <= 0.01)	Single (0 < X <= 1)	X2020.03.18.82	Control0082_BM_Tcells	Control0082	Normal	 Bone marrow mononuclear cells (BMMCs)	male	Fresh frozen	CD8+ Naive	mononuclear cells	5' Chromium Single Cell	CellRanger v.5.0	19 years	Unassigned	Unassigned	Unassigned	Unassigned	Unassigned	Unassigned	Unassigned	Unassigned	Control young	Aspirate	Normal	GRCh38	enriched using a pan T-cell isolation kit/sorted for live CD45+CD3+ cells	True	naive / central memory T cells	-3.797313	-2.421617
CAGCGACTCTCATTCA-1	2754.0	1002.0	0.023602033	2020-03-18-82	Small (0 < X <= 0.01)	Small (1 < X <= 5)	X2020.03.18.82	Control0082_BM_Tcells	Control0082	Normal	 Bone marrow mononuclear cells (BMMCs)	male	Fresh frozen	CD4+ Naive	mononuclear cells	5' Chromium Single Cell	CellRanger v.5.0	19 years	Unassigned	Unassigned	Unassigned	Unassigned	Unassigned	Unassigned	Unassigned	Unassigned	Control young	Aspirate	Normal	GRCh38	enriched using a pan T-cell isolation kit/sorted for live CD45+CD3+ cells	True	naive / central memory T cells	-3.6679318	-1.1536819
CAGCTAAAGTCTTGCA-1	2365.0	994.0	0.036363635	2020-03-18-82	Small (0 < X <= 0.01)	Small (1 < X <= 5)	X2020.03.18.82	Control0082_BM_Tcells	Control0082	Normal	 Bone marrow mononuclear cells (BMMCs)	male	Fresh frozen	Gamma-delta T cell (gd T)	mononuclear cells	5' Chromium Single Cell	CellRanger v.5.0	19 years	Unassigned	Unassigned	Unassigned	Unassigned	Unassigned	Unassigned	Unassigned	Unassigned	Control young	Aspirate	Normal	GRCh38	enriched using a pan T-cell isolation kit/sorted for live CD45+CD3+ cells	True	terminal effector T cells	7.6384597	-2.0415378
CAGCTAACACTGTGTA-1	2993.0	1101.0	0.028733712	2020-03-18-82	Small (0 < X <= 0.01)	Small (1 < X <= 5)	X2020.03.18.82	Control0082_BM_Tcells	Control0082	Normal	 Bone marrow mononuclear cells (BMMCs)	male	Fresh frozen	Gamma-delta T cell (gd T)	mononuclear cells	5' Chromium Single Cell	CellRanger v.5.0	19 years	Unassigned	Unassigned	Unassigned	Unassigned	Unassigned	Unassigned	Unassigned	Unassigned	Control young	Aspirate	Normal	GRCh38	enriched using a pan T-cell isolation kit/sorted for live CD45+CD3+ cells	True	terminal effector T cells	-5.046499	-0.01546221
CAGCTAAGTCCATCCT-1	1870.0	821.0	0.023529412	2020-03-18-82	Large (0.01 < X <= 0.1)	Medium (5 < X <= 20)	X2020.03.18.82	Control0082_BM_Tcells	Control0082	Normal	 Bone marrow mononuclear cells (BMMCs)	male	Fresh frozen	CD4+ Naive	mononuclear cells	5' Chromium Single Cell	CellRanger v.5.0	19 years	Unassigned	Unassigned	Unassigned	Unassigned	Unassigned	Unassigned	Unassigned	Unassigned	Control young	Aspirate	Normal	GRCh38	enriched using a pan T-cell isolation kit/sorted for live CD45+CD3+ cells	True	naive / central memory T cells	-5.307244	0.12196351
CAGCTGGCAAGCCCAC-1	3084.0	1169.0	0.02302205	2020-03-18-82	Small (0 < X <= 0.01)	Single (0 < X <= 1)	X2020.03.18.82	Control0082_BM_Tcells	Control0082	Normal	 Bone marrow mononuclear cells (BMMCs)	male	Fresh frozen	CD8+ tissue-resident memory T (TRM)	mononuclear cells	5' Chromium Single Cell	CellRanger v.5.0	19 years	Unassigned	Unassigned	Unassigned	Unassigned	Unassigned	Unassigned	Unassigned	Unassigned	Control young	Aspirate	Normal	GRCh38	enriched using a pan T-cell isolation kit/sorted for live CD45+CD3+ cells	True	transitional T cells	-2.215301	1.9861066
CAGCTGGTCATCTGCC-1	3347.0	1315.0	0.025395878	2020-03-18-82	Small (0 < X <= 0.01)	Single (0 < X <= 1)	X2020.03.18.82	Control0082_BM_Tcells	Control0082	Normal	 Bone marrow mononuclear cells (BMMCs)	male	Fresh frozen	CD8+ NK-like	mononuclear cells	5' Chromium Single Cell	CellRanger v.5.0	19 years	Unassigned	Unassigned	Unassigned	Unassigned	Unassigned	Unassigned	Unassigned	Unassigned	Control young	Aspirate	Normal	GRCh38	enriched using a pan T-cell isolation kit/sorted for live CD45+CD3+ cells	True	terminal effector T cells	5.8094177	0.45577902
CAGGTGCTCAACACAC-1	3627.0	1461.0	0.06065619	2020-03-18-82	Small (0 < X <= 0.01)	Single (0 < X <= 1)	X2020.03.18.82	Control0082_BM_Tcells	Control0082	Normal	 Bone marrow mononuclear cells (BMMCs)	male	Fresh frozen	Mucosal-associated invariant T (MAIT)	mononuclear cells	5' Chromium Single Cell	CellRanger v.5.0	19 years	Unassigned	Unassigned	Unassigned	Unassigned	Unassigned	Unassigned	Unassigned	Unassigned	Control young	Aspirate	Normal	GRCh38	enriched using a pan T-cell isolation kit/sorted for live CD45+CD3+ cells	True	transitional T cells	3.5055754	0.30521864
CAGGTGCTCTGGTATG-1	1626.0	787.0	0.06334563	2020-03-18-82	Small (0 < X <= 0.01)	Single (0 < X <= 1)	X2020.03.18.82	Control0082_BM_Tcells	Control0082	Normal	 Bone marrow mononuclear cells (BMMCs)	male	Fresh frozen	CD8+ GZMK+	mononuclear cells	5' Chromium Single Cell	CellRanger v.5.0	19 years	Unassigned	Unassigned	Unassigned	Unassigned	Unassigned	Unassigned	Unassigned	Unassigned	Control young	Aspirate	Normal	GRCh38	enriched using a pan T-cell isolation kit/sorted for live CD45+CD3+ cells	True	terminal effector T cells	3.6137106	0.3597843
CAGTAACTCCAATGGT-1	1601.0	769.0	0.06433479	2020-03-18-82	Large (0.01 < X <= 0.1)	Medium (5 < X <= 20)	X2020.03.18.82	Control0082_BM_Tcells	Control0082	Normal	 Bone marrow mononuclear cells (BMMCs)	male	Fresh frozen	CD8+ Cytotoxic	mononuclear cells	5' Chromium Single Cell	CellRanger v.5.0	19 years	Unassigned	Unassigned	Unassigned	Unassigned	Unassigned	Unassigned	Unassigned	Unassigned	Control young	Aspirate	Normal	GRCh38	enriched using a pan T-cell isolation kit/sorted for live CD45+CD3+ cells	True	terminal effector T cells	7.661753	-4.069899
CAGTCCTCACCCATTC-1	1791.0	891.0	0.023450587	2020-03-18-82	Small (0 < X <= 0.01)	Single (0 < X <= 1)	X2020.03.18.82	Control0082_BM_Tcells	Control0082	Normal	 Bone marrow mononuclear cells (BMMCs)	male	Fresh frozen	CD8+ tissue-resident memory T (TRM)	mononuclear cells	5' Chromium Single Cell	CellRanger v.5.0	19 years	Unassigned	Unassigned	Unassigned	Unassigned	Unassigned	Unassigned	Unassigned	Unassigned	Control young	Aspirate	Normal	GRCh38	enriched using a pan T-cell isolation kit/sorted for live CD45+CD3+ cells	True	transitional T cells	-0.023137014	-0.41659546
CAGTCCTCACTACAGT-1	2352.0	1011.0	0.036564626	2020-03-18-82	Large (0.01 < X <= 0.1)	Medium (5 < X <= 20)	X2020.03.18.82	Control0082_BM_Tcells	Control0082	Normal	 Bone marrow mononuclear cells (BMMCs)	male	Fresh frozen	CD8+ Cytotoxic	mononuclear cells	5' Chromium Single Cell	CellRanger v.5.0	19 years	Unassigned	Unassigned	Unassigned	Unassigned	Unassigned	Unassigned	Unassigned	Unassigned	Control young	Aspirate	Normal	GRCh38	enriched using a pan T-cell isolation kit/sorted for live CD45+CD3+ cells	True	terminal effector T cells	1.8545643	0.9520911
CATATGGAGAAGGTGA-1	3108.0	1232.0	0.01962677	2020-03-18-82	Small (0 < X <= 0.01)	Single (0 < X <= 1)	X2020.03.18.82	Control0082_BM_Tcells	Control0082	Normal	 Bone marrow mononuclear cells (BMMCs)	male	Fresh frozen	CD4+ central memory T (CD4+ TCM)	mononuclear cells	5' Chromium Single Cell	CellRanger v.5.0	19 years	Unassigned	Unassigned	Unassigned	Unassigned	Unassigned	Unassigned	Unassigned	Unassigned	Control young	Aspirate	Normal	GRCh38	enriched using a pan T-cell isolation kit/sorted for live CD45+CD3+ cells	True	naive / central memory T cells	-5.990316	-0.97047937
CATATTCCAAATACAG-1	1543.0	756.0	0.044718083	2020-03-18-82	Large (0.01 < X <= 0.1)	Medium (5 < X <= 20)	X2020.03.18.82	Control0082_BM_Tcells	Control0082	Normal	 Bone marrow mononuclear cells (BMMCs)	male	Fresh frozen	CD8+ GZMK+	mononuclear cells	5' Chromium Single Cell	CellRanger v.5.0	19 years	Unassigned	Unassigned	Unassigned	Unassigned	Unassigned	Unassigned	Unassigned	Unassigned	Control young	Aspirate	Normal	GRCh38	enriched using a pan T-cell isolation kit/sorted for live CD45+CD3+ cells	True	terminal effector T cells	2.0470204	0.93511623
CATCCACAGTCACGCC-1	2551.0	1104.0	0.03253626	2020-03-18-82	Small (0 < X <= 0.01)	Single (0 < X <= 1)	X2020.03.18.82	Control0082_BM_Tcells	Control0082	Normal	 Bone marrow mononuclear cells (BMMCs)	male	Fresh frozen	CD8+ GZMK+	mononuclear cells	5' Chromium Single Cell	CellRanger v.5.0	19 years	Unassigned	Unassigned	Unassigned	Unassigned	Unassigned	Unassigned	Unassigned	Unassigned	Control young	Aspirate	Normal	GRCh38	enriched using a pan T-cell isolation kit/sorted for live CD45+CD3+ cells	True	terminal effector T cells	3.1252916	0.9147286
CATCCACCAGCCTTGG-1	1368.0	678.0	0.01754386	2020-03-18-82	Small (0 < X <= 0.01)	Single (0 < X <= 1)	X2020.03.18.82	Control0082_BM_Tcells	Control0082	Normal	 Bone marrow mononuclear cells (BMMCs)	male	Fresh frozen	Mucosal-associated invariant T (MAIT)	mononuclear cells	5' Chromium Single Cell	CellRanger v.5.0	19 years	Unassigned	Unassigned	Unassigned	Unassigned	Unassigned	Unassigned	Unassigned	Unassigned	Control young	Aspirate	Normal	GRCh38	enriched using a pan T-cell isolation kit/sorted for live CD45+CD3+ cells	True	transitional T cells	-1.5037085	4.3023205
CATCCACCAGTGGAGT-1	3816.0	1570.0	0.030922431	2020-03-18-82	Small (0 < X <= 0.01)	Single (0 < X <= 1)	X2020.03.18.82	Control0082_BM_Tcells	Control0082	Normal	 Bone marrow mononuclear cells (BMMCs)	male	Fresh frozen	CD8+ NK-like	mononuclear cells	5' Chromium Single Cell	CellRanger v.5.0	19 years	Unassigned	Unassigned	Unassigned	Unassigned	Unassigned	Unassigned	Unassigned	Unassigned	Control young	Aspirate	Normal	GRCh38	enriched using a pan T-cell isolation kit/sorted for live CD45+CD3+ cells	True	terminal effector T cells	6.1725507	-0.08123075
CATCCACCATGATCCA-1	4859.0	1499.0	0.03869109	2020-03-18-82	Small (0 < X <= 0.01)	Single (0 < X <= 1)	X2020.03.18.82	Control0082_BM_Tcells	Control0082	Normal	 Bone marrow mononuclear cells (BMMCs)	male	Fresh frozen	CD4+ Naive	mononuclear cells	5' Chromium Single Cell	CellRanger v.5.0	19 years	Unassigned	Unassigned	Unassigned	Unassigned	Unassigned	Unassigned	Unassigned	Unassigned	Control young	Aspirate	Normal	GRCh38	enriched using a pan T-cell isolation kit/sorted for live CD45+CD3+ cells	True	naive / central memory T cells	-7.7251735	-0.9367151
CATCGAATCGTGGGAA-1	1769.0	767.0	0.026003392	2020-03-18-82	Small (0 < X <= 0.01)	Single (0 < X <= 1)	X2020.03.18.82	Control0082_BM_Tcells	Control0082	Normal	 Bone marrow mononuclear cells (BMMCs)	male	Fresh frozen	Gamma-delta T cell (gd T)	mononuclear cells	5' Chromium Single Cell	CellRanger v.5.0	19 years	Unassigned	Unassigned	Unassigned	Unassigned	Unassigned	Unassigned	Unassigned	Unassigned	Control young	Aspirate	Normal	GRCh38	enriched using a pan T-cell isolation kit/sorted for live CD45+CD3+ cells	True	terminal effector T cells	2.1855261	0.022269974
CATCGGGTCCCTGACT-1	1478.0	723.0	0.04668471	2020-03-18-82	Small (0 < X <= 0.01)	Single (0 < X <= 1)	X2020.03.18.82	Control0082_BM_Tcells	Control0082	Normal	 Bone marrow mononuclear cells (BMMCs)	male	Fresh frozen	CD8+ tissue-resident memory T (TRM)	mononuclear cells	5' Chromium Single Cell	CellRanger v.5.0	19 years	Unassigned	Unassigned	Unassigned	Unassigned	Unassigned	Unassigned	Unassigned	Unassigned	Control young	Aspirate	Normal	GRCh38	enriched using a pan T-cell isolation kit/sorted for live CD45+CD3+ cells	True	transitional T cells	-0.9149592	-0.23305605
CATGACATCAGTACGT-1	2016.0	924.0	0.029761905	2020-03-18-82	Small (0 < X <= 0.01)	Single (0 < X <= 1)	X2020.03.18.82	Control0082_BM_Tcells	Control0082	Normal	 Bone marrow mononuclear cells (BMMCs)	male	Fresh frozen	CD8+ Cytotoxic	mononuclear cells	5' Chromium Single Cell	CellRanger v.5.0	19 years	Unassigned	Unassigned	Unassigned	Unassigned	Unassigned	Unassigned	Unassigned	Unassigned	Control young	Aspirate	Normal	GRCh38	enriched using a pan T-cell isolation kit/sorted for live CD45+CD3+ cells	True	terminal effector T cells	7.700539	-4.0506935
CATGCCTCAGCTGTAT-1	1720.0	857.0	0.04127907	2020-03-18-82	Small (0 < X <= 0.01)	Small (1 < X <= 5)	X2020.03.18.82	Control0082_BM_Tcells	Control0082	Normal	 Bone marrow mononuclear cells (BMMCs)	male	Fresh frozen	CD8+ NK-like	mononuclear cells	5' Chromium Single Cell	CellRanger v.5.0	19 years	Unassigned	Unassigned	Unassigned	Unassigned	Unassigned	Unassigned	Unassigned	Unassigned	Control young	Aspirate	Normal	GRCh38	enriched using a pan T-cell isolation kit/sorted for live CD45+CD3+ cells	True	terminal effector T cells	4.3957615	2.138298
CATGCCTCATCTCGCT-1	2353.0	1131.0	0.026349341	2020-03-18-82	Small (0 < X <= 0.01)	Single (0 < X <= 1)	X2020.03.18.82	Control0082_BM_Tcells	Control0082	Normal	 Bone marrow mononuclear cells (BMMCs)	male	Fresh frozen	CD8+ NK-like	mononuclear cells	5' Chromium Single Cell	CellRanger v.5.0	19 years	Unassigned	Unassigned	Unassigned	Unassigned	Unassigned	Unassigned	Unassigned	Unassigned	Control young	Aspirate	Normal	GRCh38	enriched using a pan T-cell isolation kit/sorted for live CD45+CD3+ cells	True	terminal effector T cells	6.2364826	-0.05811333
CATGCCTGTCGACTAT-1	4947.0	1738.0	0.027087124	2020-03-18-82	Small (0 < X <= 0.01)	Single (0 < X <= 1)	X2020.03.18.82	Control0082_BM_Tcells	Control0082	Normal	 Bone marrow mononuclear cells (BMMCs)	male	Fresh frozen	Mucosal-associated invariant T (MAIT)	mononuclear cells	5' Chromium Single Cell	CellRanger v.5.0	19 years	Unassigned	Unassigned	Unassigned	Unassigned	Unassigned	Unassigned	Unassigned	Unassigned	Control young	Aspirate	Normal	GRCh38	enriched using a pan T-cell isolation kit/sorted for live CD45+CD3+ cells	True	transitional T cells	0.17655142	3.1974158
CATGCCTTCTGCCAGG-1	1989.0	887.0	0.037204627	2020-03-18-82	Small (0 < X <= 0.01)	Small (1 < X <= 5)	X2020.03.18.82	Control0082_BM_Tcells	Control0082	Normal	 Bone marrow mononuclear cells (BMMCs)	male	Fresh frozen	CD8+ GZMK+	mononuclear cells	5' Chromium Single Cell	CellRanger v.5.0	19 years	Unassigned	Unassigned	Unassigned	Unassigned	Unassigned	Unassigned	Unassigned	Unassigned	Control young	Aspirate	Normal	GRCh38	enriched using a pan T-cell isolation kit/sorted for live CD45+CD3+ cells	True	terminal effector T cells	1.8130821	1.9486562
CATGGCGAGAACTGTA-1	1830.0	838.0	0.030054646	2020-03-18-82	Small (0 < X <= 0.01)	Single (0 < X <= 1)	X2020.03.18.82	Control0082_BM_Tcells	Control0082	Normal	 Bone marrow mononuclear cells (BMMCs)	male	Fresh frozen	CD8+ GZMK+	mononuclear cells	5' Chromium Single Cell	CellRanger v.5.0	19 years	Unassigned	Unassigned	Unassigned	Unassigned	Unassigned	Unassigned	Unassigned	Unassigned	Control young	Aspirate	Normal	GRCh38	enriched using a pan T-cell isolation kit/sorted for live CD45+CD3+ cells	True	terminal effector T cells	0.4040259	1.1514593
CATGGCGCAGGCGATA-1	1357.0	734.0	0.07221813	2020-03-18-82	Large (0.01 < X <= 0.1)	Medium (5 < X <= 20)	X2020.03.18.82	Control0082_BM_Tcells	Control0082	Normal	 Bone marrow mononuclear cells (BMMCs)	male	Fresh frozen	Mucosal-associated invariant T (MAIT)	mononuclear cells	5' Chromium Single Cell	CellRanger v.5.0	19 years	Unassigned	Unassigned	Unassigned	Unassigned	Unassigned	Unassigned	Unassigned	Unassigned	Control young	Aspirate	Normal	GRCh38	enriched using a pan T-cell isolation kit/sorted for live CD45+CD3+ cells	True	transitional T cells	7.461056	-3.7773342
CATGGCGGTTTGTGTG-1	1631.0	755.0	0.028203556	2020-03-18-82	Small (0 < X <= 0.01)	Single (0 < X <= 1)	X2020.03.18.82	Control0082_BM_Tcells	Control0082	Normal	 Bone marrow mononuclear cells (BMMCs)	male	Fresh frozen	CD8+ Naive	mononuclear cells	5' Chromium Single Cell	CellRanger v.5.0	19 years	Unassigned	Unassigned	Unassigned	Unassigned	Unassigned	Unassigned	Unassigned	Unassigned	Control young	Aspirate	Normal	GRCh38	enriched using a pan T-cell isolation kit/sorted for live CD45+CD3+ cells	True	naive / central memory T cells	-3.6317465	-3.0082445
CATTATCAGCTGAACG-1	3350.0	1202.0	0.03880597	2020-03-18-82	Small (0 < X <= 0.01)	Single (0 < X <= 1)	X2020.03.18.82	Control0082_BM_Tcells	Control0082	Normal	 Bone marrow mononuclear cells (BMMCs)	male	Fresh frozen	CD4+ Activated	mononuclear cells	5' Chromium Single Cell	CellRanger v.5.0	19 years	Unassigned	Unassigned	Unassigned	Unassigned	Unassigned	Unassigned	Unassigned	Unassigned	Control young	Aspirate	Normal	GRCh38	enriched using a pan T-cell isolation kit/sorted for live CD45+CD3+ cells	True	naive / central memory T cells	-4.162668	2.762531
CATTATCAGTGTACTC-1	1826.0	856.0	0.081599124	2020-03-18-82	Small (0 < X <= 0.01)	Single (0 < X <= 1)	X2020.03.18.82	Control0082_BM_Tcells	Control0082	Normal	 Bone marrow mononuclear cells (BMMCs)	male	Fresh frozen	CD8+ Cytotoxic	mononuclear cells	5' Chromium Single Cell	CellRanger v.5.0	19 years	Unassigned	Unassigned	Unassigned	Unassigned	Unassigned	Unassigned	Unassigned	Unassigned	Control young	Aspirate	Normal	GRCh38	enriched using a pan T-cell isolation kit/sorted for live CD45+CD3+ cells	True	terminal effector T cells	7.164298	-3.5391774
CCAATCCTCCGCGGTA-1	1636.0	753.0	0.031173594	2020-03-18-82	Small (0 < X <= 0.01)	Single (0 < X <= 1)	X2020.03.18.82	Control0082_BM_Tcells	Control0082	Normal	 Bone marrow mononuclear cells (BMMCs)	male	Fresh frozen	CD8+ GZMK+	mononuclear cells	5' Chromium Single Cell	CellRanger v.5.0	19 years	Unassigned	Unassigned	Unassigned	Unassigned	Unassigned	Unassigned	Unassigned	Unassigned	Control young	Aspirate	Normal	GRCh38	enriched using a pan T-cell isolation kit/sorted for live CD45+CD3+ cells	True	terminal effector T cells	2.3009427	1.1729004
CCAATCCTCGCGTTTC-1	1667.0	810.0	0.03479304	2020-03-18-82	Small (0 < X <= 0.01)	Small (1 < X <= 5)	X2020.03.18.82	Control0082_BM_Tcells	Control0082	Normal	 Bone marrow mononuclear cells (BMMCs)	male	Fresh frozen	Gamma-delta T cell (gd T)	mononuclear cells	5' Chromium Single Cell	CellRanger v.5.0	19 years	Unassigned	Unassigned	Unassigned	Unassigned	Unassigned	Unassigned	Unassigned	Unassigned	Control young	Aspirate	Normal	GRCh38	enriched using a pan T-cell isolation kit/sorted for live CD45+CD3+ cells	True	terminal effector T cells	1.3687813	1.4645144
CCACCTAAGCAGGCTA-1	3555.0	1295.0	0.026722925	2020-03-18-82	Small (0 < X <= 0.01)	Single (0 < X <= 1)	X2020.03.18.82	Control0082_BM_Tcells	Control0082	Normal	 Bone marrow mononuclear cells (BMMCs)	male	Fresh frozen	CD4+ central memory T (CD4+ TCM)	mononuclear cells	5' Chromium Single Cell	CellRanger v.5.0	19 years	Unassigned	Unassigned	Unassigned	Unassigned	Unassigned	Unassigned	Unassigned	Unassigned	Control young	Aspirate	Normal	GRCh38	enriched using a pan T-cell isolation kit/sorted for live CD45+CD3+ cells	True	naive / central memory T cells	-6.0383244	-1.2311739
CCACGGAAGGTAAACT-1	1820.0	846.0	0.01868132	2020-03-18-82	Small (0 < X <= 0.01)	Small (1 < X <= 5)	X2020.03.18.82	Control0082_BM_Tcells	Control0082	Normal	 Bone marrow mononuclear cells (BMMCs)	male	Fresh frozen	CD8+ GZMK+	mononuclear cells	5' Chromium Single Cell	CellRanger v.5.0	19 years	Unassigned	Unassigned	Unassigned	Unassigned	Unassigned	Unassigned	Unassigned	Unassigned	Control young	Aspirate	Normal	GRCh38	enriched using a pan T-cell isolation kit/sorted for live CD45+CD3+ cells	True	terminal effector T cells	2.0457191	1.0463972
CCACTACAGATGAGAG-1	2054.0	949.0	0.032132424	2020-03-18-82	Small (0 < X <= 0.01)	Single (0 < X <= 1)	X2020.03.18.82	Control0082_BM_Tcells	Control0082	Normal	 Bone marrow mononuclear cells (BMMCs)	male	Fresh frozen	CD8+ Naive	mononuclear cells	5' Chromium Single Cell	CellRanger v.5.0	19 years	Unassigned	Unassigned	Unassigned	Unassigned	Unassigned	Unassigned	Unassigned	Unassigned	Control young	Aspirate	Normal	GRCh38	enriched using a pan T-cell isolation kit/sorted for live CD45+CD3+ cells	True	naive / central memory T cells	-2.735697	-2.7257636
CCACTACGTACCATCA-1	3642.0	1541.0	0.03294893	2020-03-18-82	Small (0 < X <= 0.01)	Single (0 < X <= 1)	X2020.03.18.82	Control0082_BM_Tcells	Control0082	Normal	 Bone marrow mononuclear cells (BMMCs)	male	Fresh frozen	CD8+ IFN+	mononuclear cells	5' Chromium Single Cell	CellRanger v.5.0	19 years	Unassigned	Unassigned	Unassigned	Unassigned	Unassigned	Unassigned	Unassigned	Unassigned	Control young	Aspirate	Normal	GRCh38	enriched using a pan T-cell isolation kit/sorted for live CD45+CD3+ cells	True	terminal effector T cells	7.1521797	-0.8626492
CCACTACTCCGTCAAA-1	1831.0	848.0	0.038230475	2020-03-18-82	Small (0 < X <= 0.01)	Small (1 < X <= 5)	X2020.03.18.82	Control0082_BM_Tcells	Control0082	Normal	 Bone marrow mononuclear cells (BMMCs)	male	Fresh frozen	CD8+ Cytotoxic	mononuclear cells	5' Chromium Single Cell	CellRanger v.5.0	19 years	Unassigned	Unassigned	Unassigned	Unassigned	Unassigned	Unassigned	Unassigned	Unassigned	Control young	Aspirate	Normal	GRCh38	enriched using a pan T-cell isolation kit/sorted for live CD45+CD3+ cells	True	terminal effector T cells	7.611668	-3.9713397
CCAGCGATCACCTCGT-1	1925.0	842.0	0.034285713	2020-03-18-82	Small (0 < X <= 0.01)	Single (0 < X <= 1)	X2020.03.18.82	Control0082_BM_Tcells	Control0082	Normal	 Bone marrow mononuclear cells (BMMCs)	male	Fresh frozen	Gamma-delta T cell (gd T)	mononuclear cells	5' Chromium Single Cell	CellRanger v.5.0	19 years	Unassigned	Unassigned	Unassigned	Unassigned	Unassigned	Unassigned	Unassigned	Unassigned	Control young	Aspirate	Normal	GRCh38	enriched using a pan T-cell isolation kit/sorted for live CD45+CD3+ cells	True	terminal effector T cells	3.788831	-2.668224
CCATGTCTCACCCGAG-1	1844.0	858.0	0.015726682	2020-03-18-82	Large (0.01 < X <= 0.1)	Large (20 < X <= 100)	X2020.03.18.82	Control0082_BM_Tcells	Control0082	Normal	 Bone marrow mononuclear cells (BMMCs)	male	Fresh frozen	Gamma-delta T cell (gd T)	mononuclear cells	5' Chromium Single Cell	CellRanger v.5.0	19 years	Unassigned	Unassigned	Unassigned	Unassigned	Unassigned	Unassigned	Unassigned	Unassigned	Control young	Aspirate	Normal	GRCh38	enriched using a pan T-cell isolation kit/sorted for live CD45+CD3+ cells	True	terminal effector T cells	3.7965205	-0.72854125
CCATTCGAGTAGCCGA-1	1276.0	680.0	0.036833856	2020-03-18-82	Large (0.01 < X <= 0.1)	Medium (5 < X <= 20)	X2020.03.18.82	Control0082_BM_Tcells	Control0082	Normal	 Bone marrow mononuclear cells (BMMCs)	male	Fresh frozen	CD8+ GZMK+	mononuclear cells	5' Chromium Single Cell	CellRanger v.5.0	19 years	Unassigned	Unassigned	Unassigned	Unassigned	Unassigned	Unassigned	Unassigned	Unassigned	Control young	Aspirate	Normal	GRCh38	enriched using a pan T-cell isolation kit/sorted for live CD45+CD3+ cells	True	terminal effector T cells	-4.664824	-0.67612135
CCCAATCTCCTTCAAT-1	1950.0	899.0	0.05282051	2020-03-18-82	Small (0 < X <= 0.01)	Single (0 < X <= 1)	X2020.03.18.82	Control0082_BM_Tcells	Control0082	Normal	 Bone marrow mononuclear cells (BMMCs)	male	Fresh frozen	CD8+ Cytotoxic	mononuclear cells	5' Chromium Single Cell	CellRanger v.5.0	19 years	Unassigned	Unassigned	Unassigned	Unassigned	Unassigned	Unassigned	Unassigned	Unassigned	Control young	Aspirate	Normal	GRCh38	enriched using a pan T-cell isolation kit/sorted for live CD45+CD3+ cells	True	terminal effector T cells	4.0524144	-2.4739888
CCCAGTTAGCGTCTAT-1	1105.0	593.0	0.040723983	2020-03-18-82	Small (0 < X <= 0.01)	Single (0 < X <= 1)	X2020.03.18.82	Control0082_BM_Tcells	Control0082	Normal	 Bone marrow mononuclear cells (BMMCs)	male	Fresh frozen	CD8+ Naive	mononuclear cells	5' Chromium Single Cell	CellRanger v.5.0	19 years	Unassigned	Unassigned	Unassigned	Unassigned	Unassigned	Unassigned	Unassigned	Unassigned	Control young	Aspirate	Normal	GRCh38	enriched using a pan T-cell isolation kit/sorted for live CD45+CD3+ cells	True	naive / central memory T cells	-4.816126	-1.3146476
CCCAGTTGTCAATGTC-1	2802.0	1257.0	0.02248394	2020-03-18-82	Small (0 < X <= 0.01)	Single (0 < X <= 1)	X2020.03.18.82	Control0082_BM_Tcells	Control0082	Normal	 Bone marrow mononuclear cells (BMMCs)	male	Fresh frozen	CD8+ NK-like	mononuclear cells	5' Chromium Single Cell	CellRanger v.5.0	19 years	Unassigned	Unassigned	Unassigned	Unassigned	Unassigned	Unassigned	Unassigned	Unassigned	Control young	Aspirate	Normal	GRCh38	enriched using a pan T-cell isolation kit/sorted for live CD45+CD3+ cells	True	terminal effector T cells	6.659141	-1.1666712
CCCAGTTTCCTGTAGA-1	1544.0	765.0	0.023316063	2020-03-18-82	Small (0 < X <= 0.01)	Single (0 < X <= 1)	X2020.03.18.82	Control0082_BM_Tcells	Control0082	Normal	 Bone marrow mononuclear cells (BMMCs)	male	Fresh frozen	CD8+ Naive	mononuclear cells	5' Chromium Single Cell	CellRanger v.5.0	19 years	Unassigned	Unassigned	Unassigned	Unassigned	Unassigned	Unassigned	Unassigned	Unassigned	Control young	Aspirate	Normal	GRCh38	enriched using a pan T-cell isolation kit/sorted for live CD45+CD3+ cells	True	naive / central memory T cells	-4.9930425	-1.8015376
CCCTCCTGTAAATGTG-1	1884.0	819.0	0.014861995	2020-03-18-82	Small (0 < X <= 0.01)	Single (0 < X <= 1)	X2020.03.18.82	Control0082_BM_Tcells	Control0082	Normal	 Bone marrow mononuclear cells (BMMCs)	male	Fresh frozen	CD8+ Naive	mononuclear cells	5' Chromium Single Cell	CellRanger v.5.0	19 years	Unassigned	Unassigned	Unassigned	Unassigned	Unassigned	Unassigned	Unassigned	Unassigned	Control young	Aspirate	Normal	GRCh38	enriched using a pan T-cell isolation kit/sorted for live CD45+CD3+ cells	True	naive / central memory T cells	-3.8314207	-1.726075
CCCTCCTTCCAGTAGT-1	1783.0	919.0	0.02467751	2020-03-18-82	Small (0 < X <= 0.01)	Small (1 < X <= 5)	X2020.03.18.82	Control0082_BM_Tcells	Control0082	Normal	 Bone marrow mononuclear cells (BMMCs)	male	Fresh frozen	CD8+ GZMK+	mononuclear cells	5' Chromium Single Cell	CellRanger v.5.0	19 years	Unassigned	Unassigned	Unassigned	Unassigned	Unassigned	Unassigned	Unassigned	Unassigned	Control young	Aspirate	Normal	GRCh38	enriched using a pan T-cell isolation kit/sorted for live CD45+CD3+ cells	True	terminal effector T cells	3.4645686	-0.42904055
CCGGGATAGGCGATAC-1	1024.0	515.0	0.060546875	2020-03-18-82	Small (0 < X <= 0.01)	Single (0 < X <= 1)	X2020.03.18.82	Control0082_BM_Tcells	Control0082	Normal	 Bone marrow mononuclear cells (BMMCs)	male	Fresh frozen	Gamma-delta T cell (gd T)	mononuclear cells	5' Chromium Single Cell	CellRanger v.5.0	19 years	Unassigned	Unassigned	Unassigned	Unassigned	Unassigned	Unassigned	Unassigned	Unassigned	Control young	Aspirate	Normal	GRCh38	enriched using a pan T-cell isolation kit/sorted for live CD45+CD3+ cells	True	terminal effector T cells	-3.699888	-1.4426433
CCGGGATGTACATGTC-1	3065.0	1262.0	0.016313214	2020-03-18-82	Small (0 < X <= 0.01)	Medium (5 < X <= 20)	X2020.03.18.82	Control0082_BM_Tcells	Control0082	Normal	 Bone marrow mononuclear cells (BMMCs)	male	Fresh frozen	CD8+ NK-like	mononuclear cells	5' Chromium Single Cell	CellRanger v.5.0	19 years	Unassigned	Unassigned	Unassigned	Unassigned	Unassigned	Unassigned	Unassigned	Unassigned	Control young	Aspirate	Normal	GRCh38	enriched using a pan T-cell isolation kit/sorted for live CD45+CD3+ cells	True	terminal effector T cells	7.123585	-2.2739673
CCGTACTTCCGCATCT-1	5401.0	1821.0	0.050175894	2020-03-18-82	Small (0 < X <= 0.01)	Single (0 < X <= 1)	X2020.03.18.82	Control0082_BM_Tcells	Control0082	Normal	 Bone marrow mononuclear cells (BMMCs)	male	Fresh frozen	Gamma-delta T cell (gd T)	mononuclear cells	5' Chromium Single Cell	CellRanger v.5.0	19 years	Unassigned	Unassigned	Unassigned	Unassigned	Unassigned	Unassigned	Unassigned	Unassigned	Control young	Aspirate	Normal	GRCh38	enriched using a pan T-cell isolation kit/sorted for live CD45+CD3+ cells	True	terminal effector T cells	6.0521884	-1.3996347
CCGTTCACAACGATCT-1	2207.0	957.0	0.05301314	2020-03-18-82	Small (0 < X <= 0.01)	Medium (5 < X <= 20)	X2020.03.18.82	Control0082_BM_Tcells	Control0082	Normal	 Bone marrow mononuclear cells (BMMCs)	male	Fresh frozen	CD8+ GZMK+	mononuclear cells	5' Chromium Single Cell	CellRanger v.5.0	19 years	Unassigned	Unassigned	Unassigned	Unassigned	Unassigned	Unassigned	Unassigned	Unassigned	Control young	Aspirate	Normal	GRCh38	enriched using a pan T-cell isolation kit/sorted for live CD45+CD3+ cells	True	terminal effector T cells	2.024352	1.926044
CCGTTCATCGGCGCAT-1	1948.0	889.0	0.023613963	2020-03-18-82	Small (0 < X <= 0.01)	Single (0 < X <= 1)	X2020.03.18.82	Control0082_BM_Tcells	Control0082	Normal	 Bone marrow mononuclear cells (BMMCs)	male	Fresh frozen	CD8+ Naive	mononuclear cells	5' Chromium Single Cell	CellRanger v.5.0	19 years	Unassigned	Unassigned	Unassigned	Unassigned	Unassigned	Unassigned	Unassigned	Unassigned	Control young	Aspirate	Normal	GRCh38	enriched using a pan T-cell isolation kit/sorted for live CD45+CD3+ cells	True	naive / central memory T cells	-2.5617483	-2.5479207
CCGTTCATCTTGTTTG-1	1533.0	747.0	0.021526419	2020-03-18-82	Small (0 < X <= 0.01)	Single (0 < X <= 1)	X2020.03.18.82	Control0082_BM_Tcells	Control0082	Normal	 Bone marrow mononuclear cells (BMMCs)	male	Fresh frozen	CD8+ GZMK+	mononuclear cells	5' Chromium Single Cell	CellRanger v.5.0	19 years	Unassigned	Unassigned	Unassigned	Unassigned	Unassigned	Unassigned	Unassigned	Unassigned	Control young	Aspirate	Normal	GRCh38	enriched using a pan T-cell isolation kit/sorted for live CD45+CD3+ cells	True	terminal effector T cells	2.8161604	-0.19409381
CCTAAAGCAATCGGTT-1	3602.0	1397.0	0.024708495	2020-03-18-82	Small (0 < X <= 0.01)	Single (0 < X <= 1)	X2020.03.18.82	Control0082_BM_Tcells	Control0082	Normal	 Bone marrow mononuclear cells (BMMCs)	male	Fresh frozen	CD4+ central memory T (CD4+ TCM)	mononuclear cells	5' Chromium Single Cell	CellRanger v.5.0	19 years	Unassigned	Unassigned	Unassigned	Unassigned	Unassigned	Unassigned	Unassigned	Unassigned	Control young	Aspirate	Normal	GRCh38	enriched using a pan T-cell isolation kit/sorted for live CD45+CD3+ cells	True	naive / central memory T cells	-4.1991124	4.5280824
CCTACCAGTCGAATCT-1	1327.0	659.0	0.03014318	2020-03-18-82	Small (0 < X <= 0.01)	Single (0 < X <= 1)	X2020.03.18.82	Control0082_BM_Tcells	Control0082	Normal	 Bone marrow mononuclear cells (BMMCs)	male	Fresh frozen	CD4+ Naive	mononuclear cells	5' Chromium Single Cell	CellRanger v.5.0	19 years	Unassigned	Unassigned	Unassigned	Unassigned	Unassigned	Unassigned	Unassigned	Unassigned	Control young	Aspirate	Normal	GRCh38	enriched using a pan T-cell isolation kit/sorted for live CD45+CD3+ cells	True	naive / central memory T cells	-5.153068	-0.32272172
CCTAGCTAGGCTAGCA-1	1544.0	781.0	0.029145077	2020-03-18-82	Small (0 < X <= 0.01)	Small (1 < X <= 5)	X2020.03.18.82	Control0082_BM_Tcells	Control0082	Normal	 Bone marrow mononuclear cells (BMMCs)	male	Fresh frozen	Gamma-delta T cell (gd T)	mononuclear cells	5' Chromium Single Cell	CellRanger v.5.0	19 years	Unassigned	Unassigned	Unassigned	Unassigned	Unassigned	Unassigned	Unassigned	Unassigned	Control young	Aspirate	Normal	GRCh38	enriched using a pan T-cell isolation kit/sorted for live CD45+CD3+ cells	True	terminal effector T cells	7.674655	-3.7230868
CCTAGCTGTACCGTAT-1	4942.0	1670.0	0.02711453	2020-03-18-82	Small (0 < X <= 0.01)	Single (0 < X <= 1)	X2020.03.18.82	Control0082_BM_Tcells	Control0082	Normal	 Bone marrow mononuclear cells (BMMCs)	male	Fresh frozen	CD4+ central memory T (CD4+ TCM)	mononuclear cells	5' Chromium Single Cell	CellRanger v.5.0	19 years	Unassigned	Unassigned	Unassigned	Unassigned	Unassigned	Unassigned	Unassigned	Unassigned	Control young	Aspirate	Normal	GRCh38	enriched using a pan T-cell isolation kit/sorted for live CD45+CD3+ cells	True	naive / central memory T cells	-5.468072	2.95238
CCTATTATCAGTTGAC-1	1259.0	712.0	0.030182684	2020-03-18-82	Small (0 < X <= 0.01)	Single (0 < X <= 1)	X2020.03.18.82	Control0082_BM_Tcells	Control0082	Normal	 Bone marrow mononuclear cells (BMMCs)	male	Fresh frozen	CD8+ GZMK+	mononuclear cells	5' Chromium Single Cell	CellRanger v.5.0	19 years	Unassigned	Unassigned	Unassigned	Unassigned	Unassigned	Unassigned	Unassigned	Unassigned	Control young	Aspirate	Normal	GRCh38	enriched using a pan T-cell isolation kit/sorted for live CD45+CD3+ cells	True	terminal effector T cells	-3.9903805	4.8194675
CCTATTATCTTTAGGG-1	2380.0	1130.0	0.031092437	2020-03-18-82	Small (0 < X <= 0.01)	Single (0 < X <= 1)	X2020.03.18.82	Control0082_BM_Tcells	Control0082	Normal	 Bone marrow mononuclear cells (BMMCs)	male	Fresh frozen	Gamma-delta T cell (gd T)	mononuclear cells	5' Chromium Single Cell	CellRanger v.5.0	19 years	Unassigned	Unassigned	Unassigned	Unassigned	Unassigned	Unassigned	Unassigned	Unassigned	Control young	Aspirate	Normal	GRCh38	enriched using a pan T-cell isolation kit/sorted for live CD45+CD3+ cells	True	terminal effector T cells	-7.3333454	-0.98372364
CCTCAGTCACAGCCCA-1	2207.0	942.0	0.042591754	2020-03-18-82	Small (0 < X <= 0.01)	Single (0 < X <= 1)	X2020.03.18.82	Control0082_BM_Tcells	Control0082	Normal	 Bone marrow mononuclear cells (BMMCs)	male	Fresh frozen	CD4+ Naive	mononuclear cells	5' Chromium Single Cell	CellRanger v.5.0	19 years	Unassigned	Unassigned	Unassigned	Unassigned	Unassigned	Unassigned	Unassigned	Unassigned	Control young	Aspirate	Normal	GRCh38	enriched using a pan T-cell isolation kit/sorted for live CD45+CD3+ cells	True	naive / central memory T cells	-5.3494897	-0.015094688
CCTCAGTCATGCGCAC-1	3787.0	1565.0	0.031687353	2020-03-18-82	Small (0 < X <= 0.01)	Small (1 < X <= 5)	X2020.03.18.82	Control0082_BM_Tcells	Control0082	Normal	 Bone marrow mononuclear cells (BMMCs)	male	Fresh frozen	CD8+ Cytotoxic	mononuclear cells	5' Chromium Single Cell	CellRanger v.5.0	19 years	Unassigned	Unassigned	Unassigned	Unassigned	Unassigned	Unassigned	Unassigned	Unassigned	Control young	Aspirate	Normal	GRCh38	enriched using a pan T-cell isolation kit/sorted for live CD45+CD3+ cells	True	terminal effector T cells	6.6929073	-1.292215
CCTCTGAAGCCAACAG-1	1339.0	708.0	0.020911127	2020-03-18-82	Small (0 < X <= 0.01)	Single (0 < X <= 1)	X2020.03.18.82	Control0082_BM_Tcells	Control0082	Normal	 Bone marrow mononuclear cells (BMMCs)	male	Fresh frozen	CD8+ Naive	mononuclear cells	5' Chromium Single Cell	CellRanger v.5.0	19 years	Unassigned	Unassigned	Unassigned	Unassigned	Unassigned	Unassigned	Unassigned	Unassigned	Control young	Aspirate	Normal	GRCh38	enriched using a pan T-cell isolation kit/sorted for live CD45+CD3+ cells	True	naive / central memory T cells	-4.390096	-2.3286695
CCTTACGCAGCCTTTC-1	2615.0	1148.0	0.045506693	2020-03-18-82	Small (0 < X <= 0.01)	Medium (5 < X <= 20)	X2020.03.18.82	Control0082_BM_Tcells	Control0082	Normal	 Bone marrow mononuclear cells (BMMCs)	male	Fresh frozen	CD8+ NK-like	mononuclear cells	5' Chromium Single Cell	CellRanger v.5.0	19 years	Unassigned	Unassigned	Unassigned	Unassigned	Unassigned	Unassigned	Unassigned	Unassigned	Control young	Aspirate	Normal	GRCh38	enriched using a pan T-cell isolation kit/sorted for live CD45+CD3+ cells	True	terminal effector T cells	6.0496926	-0.039321415
CCTTACGCAGTAAGAT-1	2959.0	1126.0	0.01993917	2020-03-18-82	Small (0 < X <= 0.01)	Single (0 < X <= 1)	X2020.03.18.82	Control0082_BM_Tcells	Control0082	Normal	 Bone marrow mononuclear cells (BMMCs)	male	Fresh frozen	CD4+ Naive	mononuclear cells	5' Chromium Single Cell	CellRanger v.5.0	19 years	Unassigned	Unassigned	Unassigned	Unassigned	Unassigned	Unassigned	Unassigned	Unassigned	Control young	Aspirate	Normal	GRCh38	enriched using a pan T-cell isolation kit/sorted for live CD45+CD3+ cells	True	naive / central memory T cells	-6.2102623	0.83999634
CCTTCCCAGACTCGGA-1	2189.0	963.0	0.07811786	2020-03-18-82	Small (0 < X <= 0.01)	Single (0 < X <= 1)	X2020.03.18.82	Control0082_BM_Tcells	Control0082	Normal	 Bone marrow mononuclear cells (BMMCs)	male	Fresh frozen	CD8+ GZMK+	mononuclear cells	5' Chromium Single Cell	CellRanger v.5.0	19 years	Unassigned	Unassigned	Unassigned	Unassigned	Unassigned	Unassigned	Unassigned	Unassigned	Control young	Aspirate	Normal	GRCh38	enriched using a pan T-cell isolation kit/sorted for live CD45+CD3+ cells	True	terminal effector T cells	3.9373	1.7053471
CCTTCCCGTCATGCAT-1	1634.0	803.0	0.039167687	2020-03-18-82	Small (0 < X <= 0.01)	Small (1 < X <= 5)	X2020.03.18.82	Control0082_BM_Tcells	Control0082	Normal	 Bone marrow mononuclear cells (BMMCs)	male	Fresh frozen	CD8+ Cytotoxic	mononuclear cells	5' Chromium Single Cell	CellRanger v.5.0	19 years	Unassigned	Unassigned	Unassigned	Unassigned	Unassigned	Unassigned	Unassigned	Unassigned	Control young	Aspirate	Normal	GRCh38	enriched using a pan T-cell isolation kit/sorted for live CD45+CD3+ cells	True	terminal effector T cells	7.7508874	-4.107633
CCTTCGACAACACGCC-1	1898.0	860.0	0.017386723	2020-03-18-82	Small (0 < X <= 0.01)	Single (0 < X <= 1)	X2020.03.18.82	Control0082_BM_Tcells	Control0082	Normal	 Bone marrow mononuclear cells (BMMCs)	male	Fresh frozen	CD8+ GZMK+	mononuclear cells	5' Chromium Single Cell	CellRanger v.5.0	19 years	Unassigned	Unassigned	Unassigned	Unassigned	Unassigned	Unassigned	Unassigned	Unassigned	Control young	Aspirate	Normal	GRCh38	enriched using a pan T-cell isolation kit/sorted for live CD45+CD3+ cells	True	terminal effector T cells	2.842719	1.9135134
CCTTTCTGTTCATGGT-1	1761.0	830.0	0.031232255	2020-03-18-82	Small (0 < X <= 0.01)	Single (0 < X <= 1)	X2020.03.18.82	Control0082_BM_Tcells	Control0082	Normal	 Bone marrow mononuclear cells (BMMCs)	male	Fresh frozen	CD8+ Naive	mononuclear cells	5' Chromium Single Cell	CellRanger v.5.0	19 years	Unassigned	Unassigned	Unassigned	Unassigned	Unassigned	Unassigned	Unassigned	Unassigned	Control young	Aspirate	Normal	GRCh38	enriched using a pan T-cell isolation kit/sorted for live CD45+CD3+ cells	True	naive / central memory T cells	-3.4381568	-3.3302488
CGAACATCATTTCAGG-1	4912.0	1554.0	0.030130293	2020-03-18-82	Small (0 < X <= 0.01)	Single (0 < X <= 1)	X2020.03.18.82	Control0082_BM_Tcells	Control0082	Normal	 Bone marrow mononuclear cells (BMMCs)	male	Fresh frozen	CD4+ central memory T (CD4+ TCM)	mononuclear cells	5' Chromium Single Cell	CellRanger v.5.0	19 years	Unassigned	Unassigned	Unassigned	Unassigned	Unassigned	Unassigned	Unassigned	Unassigned	Control young	Aspirate	Normal	GRCh38	enriched using a pan T-cell isolation kit/sorted for live CD45+CD3+ cells	True	naive / central memory T cells	-5.937019	1.6174043
CGAACATGTAACGTTC-1	3206.0	1189.0	0.020586401	2020-03-18-82	Small (0 < X <= 0.01)	Single (0 < X <= 1)	X2020.03.18.82	Control0082_BM_Tcells	Control0082	Normal	 Bone marrow mononuclear cells (BMMCs)	male	Fresh frozen	CD4+ Naive	mononuclear cells	5' Chromium Single Cell	CellRanger v.5.0	19 years	Unassigned	Unassigned	Unassigned	Unassigned	Unassigned	Unassigned	Unassigned	Unassigned	Control young	Aspirate	Normal	GRCh38	enriched using a pan T-cell isolation kit/sorted for live CD45+CD3+ cells	True	naive / central memory T cells	-6.0248246	0.5043875
CGAACATGTCCATCCT-1	1735.0	839.0	0.044380404	2020-03-18-82	Small (0 < X <= 0.01)	Single (0 < X <= 1)	X2020.03.18.82	Control0082_BM_Tcells	Control0082	Normal	 Bone marrow mononuclear cells (BMMCs)	male	Fresh frozen	Mucosal-associated invariant T (MAIT)	mononuclear cells	5' Chromium Single Cell	CellRanger v.5.0	19 years	Unassigned	Unassigned	Unassigned	Unassigned	Unassigned	Unassigned	Unassigned	Unassigned	Control young	Aspirate	Normal	GRCh38	enriched using a pan T-cell isolation kit/sorted for live CD45+CD3+ cells	True	transitional T cells	-0.14094757	-0.23799764
CGAATGTCAATGTAAG-1	3647.0	1500.0	0.02577461	2020-03-18-82	Small (0 < X <= 0.01)	Single (0 < X <= 1)	X2020.03.18.82	Control0082_BM_Tcells	Control0082	Normal	 Bone marrow mononuclear cells (BMMCs)	male	Fresh frozen	CD8+ NK-like	mononuclear cells	5' Chromium Single Cell	CellRanger v.5.0	19 years	Unassigned	Unassigned	Unassigned	Unassigned	Unassigned	Unassigned	Unassigned	Unassigned	Control young	Aspirate	Normal	GRCh38	enriched using a pan T-cell isolation kit/sorted for live CD45+CD3+ cells	True	terminal effector T cells	5.470264	0.9872328
CGAATGTTCGAGGTAG-1	1979.0	898.0	0.03183426	2020-03-18-82	Small (0 < X <= 0.01)	Single (0 < X <= 1)	X2020.03.18.82	Control0082_BM_Tcells	Control0082	Normal	 Bone marrow mononuclear cells (BMMCs)	male	Fresh frozen	CD8+ GZMK+	mononuclear cells	5' Chromium Single Cell	CellRanger v.5.0	19 years	Unassigned	Unassigned	Unassigned	Unassigned	Unassigned	Unassigned	Unassigned	Unassigned	Control young	Aspirate	Normal	GRCh38	enriched using a pan T-cell isolation kit/sorted for live CD45+CD3+ cells	True	terminal effector T cells	2.398843	-0.13097869
CGAATGTTCTATCGCC-1	1776.0	870.0	0.07094595	2020-03-18-82	Small (0 < X <= 0.01)	Single (0 < X <= 1)	X2020.03.18.82	Control0082_BM_Tcells	Control0082	Normal	 Bone marrow mononuclear cells (BMMCs)	male	Fresh frozen	CD8+ Cytotoxic	mononuclear cells	5' Chromium Single Cell	CellRanger v.5.0	19 years	Unassigned	Unassigned	Unassigned	Unassigned	Unassigned	Unassigned	Unassigned	Unassigned	Control young	Aspirate	Normal	GRCh38	enriched using a pan T-cell isolation kit/sorted for live CD45+CD3+ cells	True	terminal effector T cells	6.9507766	-3.6909952
CGACCTTAGTTCGCGC-1	2095.0	942.0	0.034844868	2020-03-18-82	Small (0 < X <= 0.01)	Single (0 < X <= 1)	X2020.03.18.82	Control0082_BM_Tcells	Control0082	Normal	 Bone marrow mononuclear cells (BMMCs)	male	Fresh frozen	Gamma-delta T cell (gd T)	mononuclear cells	5' Chromium Single Cell	CellRanger v.5.0	19 years	Unassigned	Unassigned	Unassigned	Unassigned	Unassigned	Unassigned	Unassigned	Unassigned	Control young	Aspirate	Normal	GRCh38	enriched using a pan T-cell isolation kit/sorted for live CD45+CD3+ cells	True	terminal effector T cells	-4.161356	-2.5649364
CGACCTTTCCAGATCA-1	1843.0	860.0	0.01356484	2020-03-18-82	Small (0 < X <= 0.01)	Single (0 < X <= 1)	X2020.03.18.82	Control0082_BM_Tcells	Control0082	Normal	 Bone marrow mononuclear cells (BMMCs)	male	Fresh frozen	CD8+ tissue-resident memory T (TRM)	mononuclear cells	5' Chromium Single Cell	CellRanger v.5.0	19 years	Unassigned	Unassigned	Unassigned	Unassigned	Unassigned	Unassigned	Unassigned	Unassigned	Control young	Aspirate	Normal	GRCh38	enriched using a pan T-cell isolation kit/sorted for live CD45+CD3+ cells	True	transitional T cells	-0.078250505	-0.41378057
CGAGAAGCATGGGACA-1	2835.0	1011.0	0.01904762	2020-03-18-82	Small (0 < X <= 0.01)	Single (0 < X <= 1)	X2020.03.18.82	Control0082_BM_Tcells	Control0082	Normal	 Bone marrow mononuclear cells (BMMCs)	male	Fresh frozen	CD4+ central memory T (CD4+ TCM)	mononuclear cells	5' Chromium Single Cell	CellRanger v.5.0	19 years	Unassigned	Unassigned	Unassigned	Unassigned	Unassigned	Unassigned	Unassigned	Unassigned	Control young	Aspirate	Normal	GRCh38	enriched using a pan T-cell isolation kit/sorted for live CD45+CD3+ cells	True	naive / central memory T cells	-6.6207986	1.0756465
CGAGAAGTCTGACCTC-1	2058.0	916.0	0.02575316	2020-03-18-82	Small (0 < X <= 0.01)	Single (0 < X <= 1)	X2020.03.18.82	Control0082_BM_Tcells	Control0082	Normal	 Bone marrow mononuclear cells (BMMCs)	male	Fresh frozen	CD8+ Naive	mononuclear cells	5' Chromium Single Cell	CellRanger v.5.0	19 years	Unassigned	Unassigned	Unassigned	Unassigned	Unassigned	Unassigned	Unassigned	Unassigned	Control young	Aspirate	Normal	GRCh38	enriched using a pan T-cell isolation kit/sorted for live CD45+CD3+ cells	True	naive / central memory T cells	-3.8429258	-2.6838503
CGAGCACAGTGGACGT-1	1566.0	715.0	0.01724138	2020-03-18-82	Small (0 < X <= 0.01)	Single (0 < X <= 1)	X2020.03.18.82	Control0082_BM_Tcells	Control0082	Normal	 Bone marrow mononuclear cells (BMMCs)	male	Fresh frozen	Gamma-delta T cell (gd T)	mononuclear cells	5' Chromium Single Cell	CellRanger v.5.0	19 years	Unassigned	Unassigned	Unassigned	Unassigned	Unassigned	Unassigned	Unassigned	Unassigned	Control young	Aspirate	Normal	GRCh38	enriched using a pan T-cell isolation kit/sorted for live CD45+CD3+ cells	True	terminal effector T cells	-3.7514062	-2.3343468
CGAGCACTCAAAGTAG-1	2699.0	1059.0	0.022971472	2020-03-18-82	Small (0 < X <= 0.01)	Single (0 < X <= 1)	X2020.03.18.82	Control0082_BM_Tcells	Control0082	Normal	 Bone marrow mononuclear cells (BMMCs)	male	Fresh frozen	Gamma-delta T cell (gd T)	mononuclear cells	5' Chromium Single Cell	CellRanger v.5.0	19 years	Unassigned	Unassigned	Unassigned	Unassigned	Unassigned	Unassigned	Unassigned	Unassigned	Control young	Aspirate	Normal	GRCh38	enriched using a pan T-cell isolation kit/sorted for live CD45+CD3+ cells	True	terminal effector T cells	-2.5063558	0.10085387
CGAGCCATCTGTACGA-1	1561.0	753.0	0.030108904	2020-03-18-82	Small (0 < X <= 0.01)	Single (0 < X <= 1)	X2020.03.18.82	Control0082_BM_Tcells	Control0082	Normal	 Bone marrow mononuclear cells (BMMCs)	male	Fresh frozen	CD8+ GZMK+	mononuclear cells	5' Chromium Single Cell	CellRanger v.5.0	19 years	Unassigned	Unassigned	Unassigned	Unassigned	Unassigned	Unassigned	Unassigned	Unassigned	Control young	Aspirate	Normal	GRCh38	enriched using a pan T-cell isolation kit/sorted for live CD45+CD3+ cells	True	terminal effector T cells	2.6622076	1.6380758
CGATGTAAGAGACTAT-1	1202.0	616.0	0.09484193	2020-03-18-82	Small (0 < X <= 0.01)	Single (0 < X <= 1)	X2020.03.18.82	Control0082_BM_Tcells	Control0082	Normal	 Bone marrow mononuclear cells (BMMCs)	male	Fresh frozen	CD4+ central memory T (CD4+ TCM)	mononuclear cells	5' Chromium Single Cell	CellRanger v.5.0	19 years	Unassigned	Unassigned	Unassigned	Unassigned	Unassigned	Unassigned	Unassigned	Unassigned	Control young	Aspirate	Normal	GRCh38	enriched using a pan T-cell isolation kit/sorted for live CD45+CD3+ cells	True	naive / central memory T cells	-2.5949771	-0.13260745
CGATGTAGTACTTGAC-1	1660.0	712.0	0.024698796	2020-03-18-82	Small (0 < X <= 0.01)	Medium (5 < X <= 20)	X2020.03.18.82	Control0082_BM_Tcells	Control0082	Normal	 Bone marrow mononuclear cells (BMMCs)	male	Fresh frozen	CD4+ Naive	mononuclear cells	5' Chromium Single Cell	CellRanger v.5.0	19 years	Unassigned	Unassigned	Unassigned	Unassigned	Unassigned	Unassigned	Unassigned	Unassigned	Control young	Aspirate	Normal	GRCh38	enriched using a pan T-cell isolation kit/sorted for live CD45+CD3+ cells	True	naive / central memory T cells	-5.093207	-1.2701932
CGATGTATCATGCAAC-1	3251.0	1339.0	0.055675175	2020-03-18-82	Small (0 < X <= 0.01)	Single (0 < X <= 1)	X2020.03.18.82	Control0082_BM_Tcells	Control0082	Normal	 Bone marrow mononuclear cells (BMMCs)	male	Fresh frozen	Mucosal-associated invariant T (MAIT)	mononuclear cells	5' Chromium Single Cell	CellRanger v.5.0	19 years	Unassigned	Unassigned	Unassigned	Unassigned	Unassigned	Unassigned	Unassigned	Unassigned	Control young	Aspirate	Normal	GRCh38	enriched using a pan T-cell isolation kit/sorted for live CD45+CD3+ cells	True	transitional T cells	-0.87002456	3.9146476
CGATTGAGTCTCTCGT-1	1507.0	661.0	0.012607831	2020-03-18-82	Small (0 < X <= 0.01)	Single (0 < X <= 1)	X2020.03.18.82	Control0082_BM_Tcells	Control0082	Normal	 Bone marrow mononuclear cells (BMMCs)	male	Fresh frozen	CD4+ Naive	mononuclear cells	5' Chromium Single Cell	CellRanger v.5.0	19 years	Unassigned	Unassigned	Unassigned	Unassigned	Unassigned	Unassigned	Unassigned	Unassigned	Control young	Aspirate	Normal	GRCh38	enriched using a pan T-cell isolation kit/sorted for live CD45+CD3+ cells	True	naive / central memory T cells	-6.4322124	-1.3061324
CGATTGAGTTAGAACA-1	2011.0	942.0	0.0198906	2020-03-18-82	Small (0 < X <= 0.01)	Single (0 < X <= 1)	X2020.03.18.82	Control0082_BM_Tcells	Control0082	Normal	 Bone marrow mononuclear cells (BMMCs)	male	Fresh frozen	Gamma-delta T cell (gd T)	mononuclear cells	5' Chromium Single Cell	CellRanger v.5.0	19 years	Unassigned	Unassigned	Unassigned	Unassigned	Unassigned	Unassigned	Unassigned	Unassigned	Control young	Aspirate	Normal	GRCh38	enriched using a pan T-cell isolation kit/sorted for live CD45+CD3+ cells	True	terminal effector T cells	4.289281	0.3890913
CGATTGATCAGCTCTC-1	1671.0	771.0	0.023937762	2020-03-18-82	Small (0 < X <= 0.01)	Single (0 < X <= 1)	X2020.03.18.82	Control0082_BM_Tcells	Control0082	Normal	 Bone marrow mononuclear cells (BMMCs)	male	Fresh frozen	Gamma-delta T cell (gd T)	mononuclear cells	5' Chromium Single Cell	CellRanger v.5.0	19 years	Unassigned	Unassigned	Unassigned	Unassigned	Unassigned	Unassigned	Unassigned	Unassigned	Control young	Aspirate	Normal	GRCh38	enriched using a pan T-cell isolation kit/sorted for live CD45+CD3+ cells	True	terminal effector T cells	-4.1941595	-1.9505936
CGCCAAGGTAGTAGTA-1	1884.0	947.0	0.04299363	2020-03-18-82	Small (0 < X <= 0.01)	Single (0 < X <= 1)	X2020.03.18.82	Control0082_BM_Tcells	Control0082	Normal	 Bone marrow mononuclear cells (BMMCs)	male	Fresh frozen	CD8+ NK-like	mononuclear cells	5' Chromium Single Cell	CellRanger v.5.0	19 years	Unassigned	Unassigned	Unassigned	Unassigned	Unassigned	Unassigned	Unassigned	Unassigned	Control young	Aspirate	Normal	GRCh38	enriched using a pan T-cell isolation kit/sorted for live CD45+CD3+ cells	True	terminal effector T cells	4.522505	1.7871183
CGCGGTAGTCCAGTGC-1	1413.0	715.0	0.032554846	2020-03-18-82	Small (0 < X <= 0.01)	Single (0 < X <= 1)	X2020.03.18.82	Control0082_BM_Tcells	Control0082	Normal	 Bone marrow mononuclear cells (BMMCs)	male	Fresh frozen	CD8+ GZMK+	mononuclear cells	5' Chromium Single Cell	CellRanger v.5.0	19 years	Unassigned	Unassigned	Unassigned	Unassigned	Unassigned	Unassigned	Unassigned	Unassigned	Control young	Aspirate	Normal	GRCh38	enriched using a pan T-cell isolation kit/sorted for live CD45+CD3+ cells	True	terminal effector T cells	2.727363	-0.8853965
CGCGTTTCAGCTTAAC-1	3029.0	1249.0	0.05183229	2020-03-18-82	Small (0 < X <= 0.01)	Single (0 < X <= 1)	X2020.03.18.82	Control0082_BM_Tcells	Control0082	Normal	 Bone marrow mononuclear cells (BMMCs)	male	Fresh frozen	CD8+ Cytotoxic	mononuclear cells	5' Chromium Single Cell	CellRanger v.5.0	19 years	Unassigned	Unassigned	Unassigned	Unassigned	Unassigned	Unassigned	Unassigned	Unassigned	Control young	Aspirate	Normal	GRCh38	enriched using a pan T-cell isolation kit/sorted for live CD45+CD3+ cells	True	terminal effector T cells	6.1887307	-1.2030367
CGCGTTTTCGTGGACC-1	2100.0	891.0	0.06047619	2020-03-18-82	Small (0 < X <= 0.01)	Single (0 < X <= 1)	X2020.03.18.82	Control0082_BM_Tcells	Control0082	Normal	 Bone marrow mononuclear cells (BMMCs)	male	Fresh frozen	CD8+ Cytotoxic	mononuclear cells	5' Chromium Single Cell	CellRanger v.5.0	19 years	Unassigned	Unassigned	Unassigned	Unassigned	Unassigned	Unassigned	Unassigned	Unassigned	Control young	Aspirate	Normal	GRCh38	enriched using a pan T-cell isolation kit/sorted for live CD45+CD3+ cells	True	terminal effector T cells	6.856564	-3.7641149
CGCTATCGTCTCCATC-1	1571.0	766.0	0.057288352	2020-03-18-82	Small (0 < X <= 0.01)	Single (0 < X <= 1)	X2020.03.18.82	Control0082_BM_Tcells	Control0082	Normal	 Bone marrow mononuclear cells (BMMCs)	male	Fresh frozen	CD8+ GZMK+	mononuclear cells	5' Chromium Single Cell	CellRanger v.5.0	19 years	Unassigned	Unassigned	Unassigned	Unassigned	Unassigned	Unassigned	Unassigned	Unassigned	Control young	Aspirate	Normal	GRCh38	enriched using a pan T-cell isolation kit/sorted for live CD45+CD3+ cells	True	terminal effector T cells	2.436453	0.6963351
CGCTATCTCACCATAG-1	1929.0	882.0	0.017625714	2020-03-18-82	Small (0 < X <= 0.01)	Single (0 < X <= 1)	X2020.03.18.82	Control0082_BM_Tcells	Control0082	Normal	 Bone marrow mononuclear cells (BMMCs)	male	Fresh frozen	CD8+ tissue-resident memory T (TRM)	mononuclear cells	5' Chromium Single Cell	CellRanger v.5.0	19 years	Unassigned	Unassigned	Unassigned	Unassigned	Unassigned	Unassigned	Unassigned	Unassigned	Control young	Aspirate	Normal	GRCh38	enriched using a pan T-cell isolation kit/sorted for live CD45+CD3+ cells	True	transitional T cells	-1.1258658	-0.6433977
CGCTTCACAAGTTAAG-1	2252.0	1031.0	0.04928952	2020-03-18-82	Small (0 < X <= 0.01)	Small (1 < X <= 5)	X2020.03.18.82	Control0082_BM_Tcells	Control0082	Normal	 Bone marrow mononuclear cells (BMMCs)	male	Fresh frozen	CD8+ GZMK+	mononuclear cells	5' Chromium Single Cell	CellRanger v.5.0	19 years	Unassigned	Unassigned	Unassigned	Unassigned	Unassigned	Unassigned	Unassigned	Unassigned	Control young	Aspirate	Normal	GRCh38	enriched using a pan T-cell isolation kit/sorted for live CD45+CD3+ cells	True	terminal effector T cells	3.6970134	2.0574548
CGCTTCATCTGAGTGT-1	2535.0	986.0	0.020118343	2020-03-18-82	Small (0 < X <= 0.01)	Single (0 < X <= 1)	X2020.03.18.82	Control0082_BM_Tcells	Control0082	Normal	 Bone marrow mononuclear cells (BMMCs)	male	Fresh frozen	CD4+ central memory T (CD4+ TCM)	mononuclear cells	5' Chromium Single Cell	CellRanger v.5.0	19 years	Unassigned	Unassigned	Unassigned	Unassigned	Unassigned	Unassigned	Unassigned	Unassigned	Control young	Aspirate	Normal	GRCh38	enriched using a pan T-cell isolation kit/sorted for live CD45+CD3+ cells	True	naive / central memory T cells	-5.858189	2.0670938
CGGACACAGCGCTCCA-1	1122.0	608.0	0.040998217	2020-03-18-82	Small (0 < X <= 0.01)	Single (0 < X <= 1)	X2020.03.18.82	Control0082_BM_Tcells	Control0082	Normal	 Bone marrow mononuclear cells (BMMCs)	male	Fresh frozen	CD8+ GZMK+	mononuclear cells	5' Chromium Single Cell	CellRanger v.5.0	19 years	Unassigned	Unassigned	Unassigned	Unassigned	Unassigned	Unassigned	Unassigned	Unassigned	Control young	Aspirate	Normal	GRCh38	enriched using a pan T-cell isolation kit/sorted for live CD45+CD3+ cells	True	terminal effector T cells	2.040581	0.70270294
CGGACACGTCCCGACA-1	1688.0	837.0	0.011848342	2020-03-18-82	Small (0 < X <= 0.01)	Small (1 < X <= 5)	X2020.03.18.82	Control0082_BM_Tcells	Control0082	Normal	 Bone marrow mononuclear cells (BMMCs)	male	Fresh frozen	CD8+ NK-like	mononuclear cells	5' Chromium Single Cell	CellRanger v.5.0	19 years	Unassigned	Unassigned	Unassigned	Unassigned	Unassigned	Unassigned	Unassigned	Unassigned	Control young	Aspirate	Normal	GRCh38	enriched using a pan T-cell isolation kit/sorted for live CD45+CD3+ cells	True	terminal effector T cells	3.8027668	2.155192
CGGACGTAGTGGTAAT-1	1304.0	716.0	0.029907975	2020-03-18-82	Small (0 < X <= 0.01)	Single (0 < X <= 1)	X2020.03.18.82	Control0082_BM_Tcells	Control0082	Normal	 Bone marrow mononuclear cells (BMMCs)	male	Fresh frozen	CD8+ Cytotoxic	mononuclear cells	5' Chromium Single Cell	CellRanger v.5.0	19 years	Unassigned	Unassigned	Unassigned	Unassigned	Unassigned	Unassigned	Unassigned	Unassigned	Control young	Aspirate	Normal	GRCh38	enriched using a pan T-cell isolation kit/sorted for live CD45+CD3+ cells	True	terminal effector T cells	7.620854	-3.9912395
CGGACGTCATCGGACC-1	1888.0	851.0	0.024894068	2020-03-18-82	Small (0 < X <= 0.01)	Small (1 < X <= 5)	X2020.03.18.82	Control0082_BM_Tcells	Control0082	Normal	 Bone marrow mononuclear cells (BMMCs)	male	Fresh frozen	CD8+ tissue-resident memory T (TRM)	mononuclear cells	5' Chromium Single Cell	CellRanger v.5.0	19 years	Unassigned	Unassigned	Unassigned	Unassigned	Unassigned	Unassigned	Unassigned	Unassigned	Control young	Aspirate	Normal	GRCh38	enriched using a pan T-cell isolation kit/sorted for live CD45+CD3+ cells	True	transitional T cells	0.64947945	1.0014657
CGGAGCTCACCACCAG-1	2265.0	987.0	0.030463576	2020-03-18-82	Small (0 < X <= 0.01)	Single (0 < X <= 1)	X2020.03.18.82	Control0082_BM_Tcells	Control0082	Normal	 Bone marrow mononuclear cells (BMMCs)	male	Fresh frozen	CD8+ Naive	mononuclear cells	5' Chromium Single Cell	CellRanger v.5.0	19 years	Unassigned	Unassigned	Unassigned	Unassigned	Unassigned	Unassigned	Unassigned	Unassigned	Control young	Aspirate	Normal	GRCh38	enriched using a pan T-cell isolation kit/sorted for live CD45+CD3+ cells	True	naive / central memory T cells	-2.1377883	-2.0544229
CGGAGTCTCCTAAGTG-1	1687.0	823.0	0.033195022	2020-03-18-82	Small (0 < X <= 0.01)	Single (0 < X <= 1)	X2020.03.18.82	Control0082_BM_Tcells	Control0082	Normal	 Bone marrow mononuclear cells (BMMCs)	male	Fresh frozen	Mucosal-associated invariant T (MAIT)	mononuclear cells	5' Chromium Single Cell	CellRanger v.5.0	19 years	Unassigned	Unassigned	Unassigned	Unassigned	Unassigned	Unassigned	Unassigned	Unassigned	Control young	Aspirate	Normal	GRCh38	enriched using a pan T-cell isolation kit/sorted for live CD45+CD3+ cells	True	transitional T cells	7.6377707	-3.8818402
CGGCTAGAGACACTAA-1	2485.0	1087.0	0.04225352	2020-03-18-82	Small (0 < X <= 0.01)	Small (1 < X <= 5)	X2020.03.18.82	Control0082_BM_Tcells	Control0082	Normal	 Bone marrow mononuclear cells (BMMCs)	male	Fresh frozen	CD8+ Cytotoxic	mononuclear cells	5' Chromium Single Cell	CellRanger v.5.0	19 years	Unassigned	Unassigned	Unassigned	Unassigned	Unassigned	Unassigned	Unassigned	Unassigned	Control young	Aspirate	Normal	GRCh38	enriched using a pan T-cell isolation kit/sorted for live CD45+CD3+ cells	True	terminal effector T cells	7.599506	-3.7993932
CGGCTAGCAGAGTGTG-1	1432.0	803.0	0.016759777	2020-03-18-82	Small (0 < X <= 0.01)	Single (0 < X <= 1)	X2020.03.18.82	Control0082_BM_Tcells	Control0082	Normal	 Bone marrow mononuclear cells (BMMCs)	male	Fresh frozen	Gamma-delta T cell (gd T)	mononuclear cells	5' Chromium Single Cell	CellRanger v.5.0	19 years	Unassigned	Unassigned	Unassigned	Unassigned	Unassigned	Unassigned	Unassigned	Unassigned	Control young	Aspirate	Normal	GRCh38	enriched using a pan T-cell isolation kit/sorted for live CD45+CD3+ cells	True	terminal effector T cells	3.3705118	0.47270647
CGGGTCAAGTAGGCCA-1	2119.0	945.0	0.050495517	2020-03-18-82	Small (0 < X <= 0.01)	Single (0 < X <= 1)	X2020.03.18.82	Control0082_BM_Tcells	Control0082	Normal	 Bone marrow mononuclear cells (BMMCs)	male	Fresh frozen	Gamma-delta T cell (gd T)	mononuclear cells	5' Chromium Single Cell	CellRanger v.5.0	19 years	Unassigned	Unassigned	Unassigned	Unassigned	Unassigned	Unassigned	Unassigned	Unassigned	Control young	Aspirate	Normal	GRCh38	enriched using a pan T-cell isolation kit/sorted for live CD45+CD3+ cells	True	terminal effector T cells	3.5750527	-0.08279025
CGGTTAAGTCTAAACC-1	2833.0	1196.0	0.0469467	2020-03-18-82	Small (0 < X <= 0.01)	Single (0 < X <= 1)	X2020.03.18.82	Control0082_BM_Tcells	Control0082	Normal	 Bone marrow mononuclear cells (BMMCs)	male	Fresh frozen	CD8+ Naive	mononuclear cells	5' Chromium Single Cell	CellRanger v.5.0	19 years	Unassigned	Unassigned	Unassigned	Unassigned	Unassigned	Unassigned	Unassigned	Unassigned	Control young	Aspirate	Normal	GRCh38	enriched using a pan T-cell isolation kit/sorted for live CD45+CD3+ cells	True	naive / central memory T cells	-2.7726014	-2.967049
CGGTTAATCCTTTCGG-1	2404.0	942.0	0.018718801	2020-03-18-82	Small (0 < X <= 0.01)	Single (0 < X <= 1)	X2020.03.18.82	Control0082_BM_Tcells	Control0082	Normal	 Bone marrow mononuclear cells (BMMCs)	male	Fresh frozen	CD4+ Naive	mononuclear cells	5' Chromium Single Cell	CellRanger v.5.0	19 years	Unassigned	Unassigned	Unassigned	Unassigned	Unassigned	Unassigned	Unassigned	Unassigned	Control young	Aspirate	Normal	GRCh38	enriched using a pan T-cell isolation kit/sorted for live CD45+CD3+ cells	True	naive / central memory T cells	-6.688478	-0.8112258
CGGTTAATCGTGGACC-1	4530.0	1527.0	0.03200883	2020-03-18-82	Small (0 < X <= 0.01)	Single (0 < X <= 1)	X2020.03.18.82	Control0082_BM_Tcells	Control0082	Normal	 Bone marrow mononuclear cells (BMMCs)	male	Fresh frozen	CD8+ NK-like	mononuclear cells	5' Chromium Single Cell	CellRanger v.5.0	19 years	Unassigned	Unassigned	Unassigned	Unassigned	Unassigned	Unassigned	Unassigned	Unassigned	Control young	Aspirate	Normal	GRCh38	enriched using a pan T-cell isolation kit/sorted for live CD45+CD3+ cells	True	terminal effector T cells	6.0116744	0.8516441
CGGTTAATCTCGTATT-1	1712.0	802.0	0.021612149	2020-03-18-82	Small (0 < X <= 0.01)	Single (0 < X <= 1)	X2020.03.18.82	Control0082_BM_Tcells	Control0082	Normal	 Bone marrow mononuclear cells (BMMCs)	male	Fresh frozen	CD4+ Naive	mononuclear cells	5' Chromium Single Cell	CellRanger v.5.0	19 years	Unassigned	Unassigned	Unassigned	Unassigned	Unassigned	Unassigned	Unassigned	Unassigned	Control young	Aspirate	Normal	GRCh38	enriched using a pan T-cell isolation kit/sorted for live CD45+CD3+ cells	True	naive / central memory T cells	-5.2568207	-0.17695437
CGTAGCGTCACTCTTA-1	1377.0	708.0	0.024691358	2020-03-18-82	Small (0 < X <= 0.01)	Single (0 < X <= 1)	X2020.03.18.82	Control0082_BM_Tcells	Control0082	Normal	 Bone marrow mononuclear cells (BMMCs)	male	Fresh frozen	CD8+ tissue-resident memory T (TRM)	mononuclear cells	5' Chromium Single Cell	CellRanger v.5.0	19 years	Unassigned	Unassigned	Unassigned	Unassigned	Unassigned	Unassigned	Unassigned	Unassigned	Control young	Aspirate	Normal	GRCh38	enriched using a pan T-cell isolation kit/sorted for live CD45+CD3+ cells	True	transitional T cells	0.10598342	-0.1415026
CGTAGCGTCCTCAATT-1	1447.0	713.0	0.008984105	2020-03-18-82	Small (0 < X <= 0.01)	Single (0 < X <= 1)	X2020.03.18.82	Control0082_BM_Tcells	Control0082	Normal	 Bone marrow mononuclear cells (BMMCs)	male	Fresh frozen	CD4+ central memory T (CD4+ TCM)	mononuclear cells	5' Chromium Single Cell	CellRanger v.5.0	19 years	Unassigned	Unassigned	Unassigned	Unassigned	Unassigned	Unassigned	Unassigned	Unassigned	Control young	Aspirate	Normal	GRCh38	enriched using a pan T-cell isolation kit/sorted for live CD45+CD3+ cells	True	naive / central memory T cells	-4.7472076	-1.7718588
CGTAGCGTCCTTTCGG-1	2122.0	998.0	0.021677662	2020-03-18-82	Small (0 < X <= 0.01)	Small (1 < X <= 5)	X2020.03.18.82	Control0082_BM_Tcells	Control0082	Normal	 Bone marrow mononuclear cells (BMMCs)	male	Fresh frozen	CD8+ Cytotoxic	mononuclear cells	5' Chromium Single Cell	CellRanger v.5.0	19 years	Unassigned	Unassigned	Unassigned	Unassigned	Unassigned	Unassigned	Unassigned	Unassigned	Control young	Aspirate	Normal	GRCh38	enriched using a pan T-cell isolation kit/sorted for live CD45+CD3+ cells	True	terminal effector T cells	7.600628	-3.8109078
CGTAGGCAGGCAAAGA-1	2751.0	1033.0	0.02508179	2020-03-18-82	Small (0 < X <= 0.01)	Single (0 < X <= 1)	X2020.03.18.82	Control0082_BM_Tcells	Control0082	Normal	 Bone marrow mononuclear cells (BMMCs)	male	Fresh frozen	CD8+ Naive	mononuclear cells	5' Chromium Single Cell	CellRanger v.5.0	19 years	Unassigned	Unassigned	Unassigned	Unassigned	Unassigned	Unassigned	Unassigned	Unassigned	Control young	Aspirate	Normal	GRCh38	enriched using a pan T-cell isolation kit/sorted for live CD45+CD3+ cells	True	naive / central memory T cells	-4.0946646	-0.6560793
CGTCACTCACGAGGTA-1	2141.0	874.0	0.020084074	2020-03-18-82	Small (0 < X <= 0.01)	Small (1 < X <= 5)	X2020.03.18.82	Control0082_BM_Tcells	Control0082	Normal	 Bone marrow mononuclear cells (BMMCs)	male	Fresh frozen	Gamma-delta T cell (gd T)	mononuclear cells	5' Chromium Single Cell	CellRanger v.5.0	19 years	Unassigned	Unassigned	Unassigned	Unassigned	Unassigned	Unassigned	Unassigned	Unassigned	Control young	Aspirate	Normal	GRCh38	enriched using a pan T-cell isolation kit/sorted for live CD45+CD3+ cells	True	terminal effector T cells	-1.9795512	-0.75473833
CGTCAGGGTGCATCTA-1	1755.0	802.0	0.066096865	2020-03-18-82	Small (0 < X <= 0.01)	Single (0 < X <= 1)	X2020.03.18.82	Control0082_BM_Tcells	Control0082	Normal	 Bone marrow mononuclear cells (BMMCs)	male	Fresh frozen	CD8+ GZMK+	mononuclear cells	5' Chromium Single Cell	CellRanger v.5.0	19 years	Unassigned	Unassigned	Unassigned	Unassigned	Unassigned	Unassigned	Unassigned	Unassigned	Control young	Aspirate	Normal	GRCh38	enriched using a pan T-cell isolation kit/sorted for live CD45+CD3+ cells	True	terminal effector T cells	3.3562548	1.0427315
CGTCCATAGACAGACC-1	3253.0	1199.0	0.0070703966	2020-03-18-82	Small (0 < X <= 0.01)	Single (0 < X <= 1)	X2020.03.18.82	Control0082_BM_Tcells	Control0082	Normal	 Bone marrow mononuclear cells (BMMCs)	male	Fresh frozen	CD4+ central memory T (CD4+ TCM)	mononuclear cells	5' Chromium Single Cell	CellRanger v.5.0	19 years	Unassigned	Unassigned	Unassigned	Unassigned	Unassigned	Unassigned	Unassigned	Unassigned	Control young	Aspirate	Normal	GRCh38	enriched using a pan T-cell isolation kit/sorted for live CD45+CD3+ cells	True	naive / central memory T cells	-6.092524	1.7841698
CGTCTACAGACTAAGT-1	1539.0	695.0	0.03508772	2020-03-18-82	Small (0 < X <= 0.01)	Single (0 < X <= 1)	X2020.03.18.82	Control0082_BM_Tcells	Control0082	Normal	 Bone marrow mononuclear cells (BMMCs)	male	Fresh frozen	CD4+ central memory T (CD4+ TCM)	mononuclear cells	5' Chromium Single Cell	CellRanger v.5.0	19 years	Unassigned	Unassigned	Unassigned	Unassigned	Unassigned	Unassigned	Unassigned	Unassigned	Control young	Aspirate	Normal	GRCh38	enriched using a pan T-cell isolation kit/sorted for live CD45+CD3+ cells	True	naive / central memory T cells	-4.8279214	0.21405841
CGTCTACAGTGCCATT-1	2506.0	1085.0	0.029130088	2020-03-18-82	Small (0 < X <= 0.01)	Small (1 < X <= 5)	X2020.03.18.82	Control0082_BM_Tcells	Control0082	Normal	 Bone marrow mononuclear cells (BMMCs)	male	Fresh frozen	CD8+ GZMK+	mononuclear cells	5' Chromium Single Cell	CellRanger v.5.0	19 years	Unassigned	Unassigned	Unassigned	Unassigned	Unassigned	Unassigned	Unassigned	Unassigned	Control young	Aspirate	Normal	GRCh38	enriched using a pan T-cell isolation kit/sorted for live CD45+CD3+ cells	True	terminal effector T cells	2.6448107	1.7097721
CGTGTAACATGTCGAT-1	2263.0	1035.0	0.02695537	2020-03-18-82	Small (0 < X <= 0.01)	Single (0 < X <= 1)	X2020.03.18.82	Control0082_BM_Tcells	Control0082	Normal	 Bone marrow mononuclear cells (BMMCs)	male	Fresh frozen	Gamma-delta T cell (gd T)	mononuclear cells	5' Chromium Single Cell	CellRanger v.5.0	19 years	Unassigned	Unassigned	Unassigned	Unassigned	Unassigned	Unassigned	Unassigned	Unassigned	Control young	Aspirate	Normal	GRCh38	enriched using a pan T-cell isolation kit/sorted for live CD45+CD3+ cells	True	terminal effector T cells	2.1308792	1.4838822
CGTGTAATCCTTAATC-1	687.0	442.0	0.06550218	2020-03-18-82	Small (0 < X <= 0.01)	Single (0 < X <= 1)	X2020.03.18.82	Control0082_BM_Tcells	Control0082	Normal	 Bone marrow mononuclear cells (BMMCs)	male	Fresh frozen	CD4+ central memory T (CD4+ TCM)	mononuclear cells	5' Chromium Single Cell	CellRanger v.5.0	19 years	Unassigned	Unassigned	Unassigned	Unassigned	Unassigned	Unassigned	Unassigned	Unassigned	Control young	Aspirate	Normal	GRCh38	enriched using a pan T-cell isolation kit/sorted for live CD45+CD3+ cells	True	naive / central memory T cells	-2.9391804	0.13702746
CGTGTCTAGCAAATCA-1	1907.0	838.0	0.009963294	2020-03-18-82	Small (0 < X <= 0.01)	Small (1 < X <= 5)	X2020.03.18.82	Control0082_BM_Tcells	Control0082	Normal	 Bone marrow mononuclear cells (BMMCs)	male	Fresh frozen	Gamma-delta T cell (gd T)	mononuclear cells	5' Chromium Single Cell	CellRanger v.5.0	19 years	Unassigned	Unassigned	Unassigned	Unassigned	Unassigned	Unassigned	Unassigned	Unassigned	Control young	Aspirate	Normal	GRCh38	enriched using a pan T-cell isolation kit/sorted for live CD45+CD3+ cells	True	terminal effector T cells	1.4717511	2.2267416
CGTGTCTGTTCCACGG-1	862.0	492.0	0.015081206	2020-03-18-82	Small (0 < X <= 0.01)	Single (0 < X <= 1)	X2020.03.18.82	Control0082_BM_Tcells	Control0082	Normal	 Bone marrow mononuclear cells (BMMCs)	male	Fresh frozen	CD8+ GZMK+	mononuclear cells	5' Chromium Single Cell	CellRanger v.5.0	19 years	Unassigned	Unassigned	Unassigned	Unassigned	Unassigned	Unassigned	Unassigned	Unassigned	Control young	Aspirate	Normal	GRCh38	enriched using a pan T-cell isolation kit/sorted for live CD45+CD3+ cells	True	terminal effector T cells	2.2282362	0.43658936
CGTGTCTTCATCGATG-1	5154.0	1802.0	0.02483508	2020-03-18-82	Small (0 < X <= 0.01)	Small (1 < X <= 5)	X2020.03.18.82	Control0082_BM_Tcells	Control0082	Normal	 Bone marrow mononuclear cells (BMMCs)	male	Fresh frozen	CD8+ NK-like	mononuclear cells	5' Chromium Single Cell	CellRanger v.5.0	19 years	Unassigned	Unassigned	Unassigned	Unassigned	Unassigned	Unassigned	Unassigned	Unassigned	Control young	Aspirate	Normal	GRCh38	enriched using a pan T-cell isolation kit/sorted for live CD45+CD3+ cells	True	terminal effector T cells	5.0489044	1.4127284
CGTGTCTTCCACGACG-1	1629.0	794.0	0.024554942	2020-03-18-82	Small (0 < X <= 0.01)	Single (0 < X <= 1)	X2020.03.18.82	Control0082_BM_Tcells	Control0082	Normal	 Bone marrow mononuclear cells (BMMCs)	male	Fresh frozen	Gamma-delta T cell (gd T)	mononuclear cells	5' Chromium Single Cell	CellRanger v.5.0	19 years	Unassigned	Unassigned	Unassigned	Unassigned	Unassigned	Unassigned	Unassigned	Unassigned	Control young	Aspirate	Normal	GRCh38	enriched using a pan T-cell isolation kit/sorted for live CD45+CD3+ cells	True	terminal effector T cells	6.555269	-0.7715728
CGTTAGACAAGCTGTT-1	1644.0	774.0	0.018856447	2020-03-18-82	Small (0 < X <= 0.01)	Single (0 < X <= 1)	X2020.03.18.82	Control0082_BM_Tcells	Control0082	Normal	 Bone marrow mononuclear cells (BMMCs)	male	Fresh frozen	CD8+ Naive	mononuclear cells	5' Chromium Single Cell	CellRanger v.5.0	19 years	Unassigned	Unassigned	Unassigned	Unassigned	Unassigned	Unassigned	Unassigned	Unassigned	Control young	Aspirate	Normal	GRCh38	enriched using a pan T-cell isolation kit/sorted for live CD45+CD3+ cells	True	naive / central memory T cells	-4.625613	-1.6564673
CGTTAGACATTCCTCG-1	1482.0	733.0	0.0391363	2020-03-18-82	Small (0 < X <= 0.01)	Medium (5 < X <= 20)	X2020.03.18.82	Control0082_BM_Tcells	Control0082	Normal	 Bone marrow mononuclear cells (BMMCs)	male	Fresh frozen	CD8+ GZMK+	mononuclear cells	5' Chromium Single Cell	CellRanger v.5.0	19 years	Unassigned	Unassigned	Unassigned	Unassigned	Unassigned	Unassigned	Unassigned	Unassigned	Control young	Aspirate	Normal	GRCh38	enriched using a pan T-cell isolation kit/sorted for live CD45+CD3+ cells	True	terminal effector T cells	2.7069347	0.6988533
CGTTAGAGTACTCGCG-1	1543.0	767.0	0.026571615	2020-03-18-82	Small (0 < X <= 0.01)	Single (0 < X <= 1)	X2020.03.18.82	Control0082_BM_Tcells	Control0082	Normal	 Bone marrow mononuclear cells (BMMCs)	male	Fresh frozen	CD8+ GZMK+	mononuclear cells	5' Chromium Single Cell	CellRanger v.5.0	19 years	Unassigned	Unassigned	Unassigned	Unassigned	Unassigned	Unassigned	Unassigned	Unassigned	Control young	Aspirate	Normal	GRCh38	enriched using a pan T-cell isolation kit/sorted for live CD45+CD3+ cells	True	terminal effector T cells	2.4125187	0.5622577
CGTTCTGAGGCGCTCT-1	1588.0	785.0	0.054785892	2020-03-18-82	Small (0 < X <= 0.01)	Single (0 < X <= 1)	X2020.03.18.82	Control0082_BM_Tcells	Control0082	Normal	 Bone marrow mononuclear cells (BMMCs)	male	Fresh frozen	CD8+ Cytotoxic	mononuclear cells	5' Chromium Single Cell	CellRanger v.5.0	19 years	Unassigned	Unassigned	Unassigned	Unassigned	Unassigned	Unassigned	Unassigned	Unassigned	Control young	Aspirate	Normal	GRCh38	enriched using a pan T-cell isolation kit/sorted for live CD45+CD3+ cells	True	terminal effector T cells	3.432271	-0.19048618
CGTTCTGCAAAGCAAT-1	2536.0	1116.0	0.043375395	2020-03-18-82	Small (0 < X <= 0.01)	Single (0 < X <= 1)	X2020.03.18.82	Control0082_BM_Tcells	Control0082	Normal	 Bone marrow mononuclear cells (BMMCs)	male	Fresh frozen	CD4+ Naive	mononuclear cells	5' Chromium Single Cell	CellRanger v.5.0	19 years	Unassigned	Unassigned	Unassigned	Unassigned	Unassigned	Unassigned	Unassigned	Unassigned	Control young	Aspirate	Normal	GRCh38	enriched using a pan T-cell isolation kit/sorted for live CD45+CD3+ cells	True	naive / central memory T cells	-4.400429	4.5418916
CGTTCTGCAGACGCCT-1	3675.0	1436.0	0.05632653	2020-03-18-82	Small (0 < X <= 0.01)	Single (0 < X <= 1)	X2020.03.18.82	Control0082_BM_Tcells	Control0082	Normal	 Bone marrow mononuclear cells (BMMCs)	male	Fresh frozen	CD8+ tissue-resident memory T (TRM)	mononuclear cells	5' Chromium Single Cell	CellRanger v.5.0	19 years	Unassigned	Unassigned	Unassigned	Unassigned	Unassigned	Unassigned	Unassigned	Unassigned	Control young	Aspirate	Normal	GRCh38	enriched using a pan T-cell isolation kit/sorted for live CD45+CD3+ cells	True	transitional T cells	1.2349939	0.9549814
CGTTCTGTCTATGTGG-1	3360.0	1296.0	0.012202381	2020-03-18-82	Small (0 < X <= 0.01)	Single (0 < X <= 1)	X2020.03.18.82	Control0082_BM_Tcells	Control0082	Normal	 Bone marrow mononuclear cells (BMMCs)	male	Fresh frozen	CD4+ central memory T (CD4+ TCM)	mononuclear cells	5' Chromium Single Cell	CellRanger v.5.0	19 years	Unassigned	Unassigned	Unassigned	Unassigned	Unassigned	Unassigned	Unassigned	Unassigned	Control young	Aspirate	Normal	GRCh38	enriched using a pan T-cell isolation kit/sorted for live CD45+CD3+ cells	True	naive / central memory T cells	-6.8681912	1.7840158
CTAAGACAGAGACTTA-1	2957.0	1098.0	0.02299628	2020-03-18-82	Small (0 < X <= 0.01)	Single (0 < X <= 1)	X2020.03.18.82	Control0082_BM_Tcells	Control0082	Normal	 Bone marrow mononuclear cells (BMMCs)	male	Fresh frozen	Mucosal-associated invariant T (MAIT)	mononuclear cells	5' Chromium Single Cell	CellRanger v.5.0	19 years	Unassigned	Unassigned	Unassigned	Unassigned	Unassigned	Unassigned	Unassigned	Unassigned	Control young	Aspirate	Normal	GRCh38	enriched using a pan T-cell isolation kit/sorted for live CD45+CD3+ cells	True	transitional T cells	-1.8948885	3.960543
CTAAGACCAATCCGAT-1	1787.0	819.0	0.041969784	2020-03-18-82	Large (0.01 < X <= 0.1)	Large (20 < X <= 100)	X2020.03.18.82	Control0082_BM_Tcells	Control0082	Normal	 Bone marrow mononuclear cells (BMMCs)	male	Fresh frozen	Gamma-delta T cell (gd T)	mononuclear cells	5' Chromium Single Cell	CellRanger v.5.0	19 years	Unassigned	Unassigned	Unassigned	Unassigned	Unassigned	Unassigned	Unassigned	Unassigned	Control young	Aspirate	Normal	GRCh38	enriched using a pan T-cell isolation kit/sorted for live CD45+CD3+ cells	True	terminal effector T cells	3.5511107	-0.15759383
CTAAGACTCGGAGGTA-1	2202.0	937.0	0.013623978	2020-03-18-82	Large (0.01 < X <= 0.1)	Medium (5 < X <= 20)	X2020.03.18.82	Control0082_BM_Tcells	Control0082	Normal	 Bone marrow mononuclear cells (BMMCs)	male	Fresh frozen	CD8+ GZMK+	mononuclear cells	5' Chromium Single Cell	CellRanger v.5.0	19 years	Unassigned	Unassigned	Unassigned	Unassigned	Unassigned	Unassigned	Unassigned	Unassigned	Control young	Aspirate	Normal	GRCh38	enriched using a pan T-cell isolation kit/sorted for live CD45+CD3+ cells	True	terminal effector T cells	-5.7610517	-2.284889
CTAATGGAGCACCGTC-1	3157.0	1199.0	0.065885335	2020-03-18-82	Small (0 < X <= 0.01)	Single (0 < X <= 1)	X2020.03.18.82	Control0082_BM_Tcells	Control0082	Normal	 Bone marrow mononuclear cells (BMMCs)	male	Fresh frozen	CD8+ Cytotoxic	mononuclear cells	5' Chromium Single Cell	CellRanger v.5.0	19 years	Unassigned	Unassigned	Unassigned	Unassigned	Unassigned	Unassigned	Unassigned	Unassigned	Control young	Aspirate	Normal	GRCh38	enriched using a pan T-cell isolation kit/sorted for live CD45+CD3+ cells	True	terminal effector T cells	6.6149855	-1.8994333
CTACACCTCTACTTAC-1	1868.0	837.0	0.06316917	2020-03-18-82	Small (0 < X <= 0.01)	Single (0 < X <= 1)	X2020.03.18.82	Control0082_BM_Tcells	Control0082	Normal	 Bone marrow mononuclear cells (BMMCs)	male	Fresh frozen	CD8+ Naive	mononuclear cells	5' Chromium Single Cell	CellRanger v.5.0	19 years	Unassigned	Unassigned	Unassigned	Unassigned	Unassigned	Unassigned	Unassigned	Unassigned	Control young	Aspirate	Normal	GRCh38	enriched using a pan T-cell isolation kit/sorted for live CD45+CD3+ cells	True	naive / central memory T cells	-2.6927292	-3.1229672
CTACATTCAATCACAC-1	2323.0	1041.0	0.043908738	2020-03-18-82	Small (0 < X <= 0.01)	Single (0 < X <= 1)	X2020.03.18.82	Control0082_BM_Tcells	Control0082	Normal	 Bone marrow mononuclear cells (BMMCs)	male	Fresh frozen	CD8+ Cytotoxic	mononuclear cells	5' Chromium Single Cell	CellRanger v.5.0	19 years	Unassigned	Unassigned	Unassigned	Unassigned	Unassigned	Unassigned	Unassigned	Unassigned	Control young	Aspirate	Normal	GRCh38	enriched using a pan T-cell isolation kit/sorted for live CD45+CD3+ cells	True	terminal effector T cells	5.9424877	-1.3642873
CTACATTCAGGAACGT-1	2226.0	998.0	0.088948786	2020-03-18-82	Small (0 < X <= 0.01)	Single (0 < X <= 1)	X2020.03.18.82	Control0082_BM_Tcells	Control0082	Normal	 Bone marrow mononuclear cells (BMMCs)	male	Fresh frozen	CD8+ NK-like	mononuclear cells	5' Chromium Single Cell	CellRanger v.5.0	19 years	Unassigned	Unassigned	Unassigned	Unassigned	Unassigned	Unassigned	Unassigned	Unassigned	Control young	Aspirate	Normal	GRCh38	enriched using a pan T-cell isolation kit/sorted for live CD45+CD3+ cells	True	terminal effector T cells	4.204342	0.97209
CTACCCACAAACCTAC-1	2234.0	1015.0	0.032229185	2020-03-18-82	Small (0 < X <= 0.01)	Single (0 < X <= 1)	X2020.03.18.82	Control0082_BM_Tcells	Control0082	Normal	 Bone marrow mononuclear cells (BMMCs)	male	Fresh frozen	CD8+ Naive	mononuclear cells	5' Chromium Single Cell	CellRanger v.5.0	19 years	Unassigned	Unassigned	Unassigned	Unassigned	Unassigned	Unassigned	Unassigned	Unassigned	Control young	Aspirate	Normal	GRCh38	enriched using a pan T-cell isolation kit/sorted for live CD45+CD3+ cells	True	naive / central memory T cells	-4.2928376	-2.0465882
CTACGTCAGCTTATCG-1	1843.0	878.0	0.01519262	2020-03-18-82	Small (0 < X <= 0.01)	Small (1 < X <= 5)	X2020.03.18.82	Control0082_BM_Tcells	Control0082	Normal	 Bone marrow mononuclear cells (BMMCs)	male	Fresh frozen	Gamma-delta T cell (gd T)	mononuclear cells	5' Chromium Single Cell	CellRanger v.5.0	19 years	Unassigned	Unassigned	Unassigned	Unassigned	Unassigned	Unassigned	Unassigned	Unassigned	Control young	Aspirate	Normal	GRCh38	enriched using a pan T-cell isolation kit/sorted for live CD45+CD3+ cells	True	terminal effector T cells	5.9015927	-2.633333
CTACGTCCAGCTATTG-1	2230.0	966.0	0.03766816	2020-03-18-82	Small (0 < X <= 0.01)	Single (0 < X <= 1)	X2020.03.18.82	Control0082_BM_Tcells	Control0082	Normal	 Bone marrow mononuclear cells (BMMCs)	male	Fresh frozen	CD8+ Cytotoxic	mononuclear cells	5' Chromium Single Cell	CellRanger v.5.0	19 years	Unassigned	Unassigned	Unassigned	Unassigned	Unassigned	Unassigned	Unassigned	Unassigned	Control young	Aspirate	Normal	GRCh38	enriched using a pan T-cell isolation kit/sorted for live CD45+CD3+ cells	True	terminal effector T cells	2.7321844	-0.9841877
CTAGCCTCAGCTCGCA-1	1545.0	732.0	0.03365696	2020-03-18-82	Small (0 < X <= 0.01)	Single (0 < X <= 1)	X2020.03.18.82	Control0082_BM_Tcells	Control0082	Normal	 Bone marrow mononuclear cells (BMMCs)	male	Fresh frozen	CD8+ Cytotoxic	mononuclear cells	5' Chromium Single Cell	CellRanger v.5.0	19 years	Unassigned	Unassigned	Unassigned	Unassigned	Unassigned	Unassigned	Unassigned	Unassigned	Control young	Aspirate	Normal	GRCh38	enriched using a pan T-cell isolation kit/sorted for live CD45+CD3+ cells	True	terminal effector T cells	7.6591043	-4.0726147
CTAGCCTGTCGGCACT-1	1545.0	743.0	0.030420711	2020-03-18-82	Small (0 < X <= 0.01)	Small (1 < X <= 5)	X2020.03.18.82	Control0082_BM_Tcells	Control0082	Normal	 Bone marrow mononuclear cells (BMMCs)	male	Fresh frozen	CD4+ Naive	mononuclear cells	5' Chromium Single Cell	CellRanger v.5.0	19 years	Unassigned	Unassigned	Unassigned	Unassigned	Unassigned	Unassigned	Unassigned	Unassigned	Control young	Aspirate	Normal	GRCh38	enriched using a pan T-cell isolation kit/sorted for live CD45+CD3+ cells	True	naive / central memory T cells	-4.1049056	-1.7709984
CTAGCCTGTGTATGGG-1	3163.0	1221.0	0.019601643	2020-03-18-82	Small (0 < X <= 0.01)	Single (0 < X <= 1)	X2020.03.18.82	Control0082_BM_Tcells	Control0082	Normal	 Bone marrow mononuclear cells (BMMCs)	male	Fresh frozen	CD4+ central memory T (CD4+ TCM)	mononuclear cells	5' Chromium Single Cell	CellRanger v.5.0	19 years	Unassigned	Unassigned	Unassigned	Unassigned	Unassigned	Unassigned	Unassigned	Unassigned	Control young	Aspirate	Normal	GRCh38	enriched using a pan T-cell isolation kit/sorted for live CD45+CD3+ cells	True	naive / central memory T cells	-5.415339	1.081918
CTAGCCTTCTGGCGAC-1	1726.0	842.0	0.019698726	2020-03-18-82	Small (0 < X <= 0.01)	Single (0 < X <= 1)	X2020.03.18.82	Control0082_BM_Tcells	Control0082	Normal	 Bone marrow mononuclear cells (BMMCs)	male	Fresh frozen	CD4+ central memory T (CD4+ TCM)	mononuclear cells	5' Chromium Single Cell	CellRanger v.5.0	19 years	Unassigned	Unassigned	Unassigned	Unassigned	Unassigned	Unassigned	Unassigned	Unassigned	Control young	Aspirate	Normal	GRCh38	enriched using a pan T-cell isolation kit/sorted for live CD45+CD3+ cells	True	naive / central memory T cells	-6.728037	1.0796772
CTCACACAGACCTTTG-1	2337.0	1010.0	0.029525032	2020-03-18-82	Small (0 < X <= 0.01)	Single (0 < X <= 1)	X2020.03.18.82	Control0082_BM_Tcells	Control0082	Normal	 Bone marrow mononuclear cells (BMMCs)	male	Fresh frozen	CD8+ NK-like	mononuclear cells	5' Chromium Single Cell	CellRanger v.5.0	19 years	Unassigned	Unassigned	Unassigned	Unassigned	Unassigned	Unassigned	Unassigned	Unassigned	Control young	Aspirate	Normal	GRCh38	enriched using a pan T-cell isolation kit/sorted for live CD45+CD3+ cells	True	terminal effector T cells	5.9184294	0.9920622
CTCACACAGATGCCTT-1	2408.0	1089.0	0.057308972	2020-03-18-82	Small (0 < X <= 0.01)	Single (0 < X <= 1)	X2020.03.18.82	Control0082_BM_Tcells	Control0082	Normal	 Bone marrow mononuclear cells (BMMCs)	male	Fresh frozen	CD8+ Naive	mononuclear cells	5' Chromium Single Cell	CellRanger v.5.0	19 years	Unassigned	Unassigned	Unassigned	Unassigned	Unassigned	Unassigned	Unassigned	Unassigned	Control young	Aspirate	Normal	GRCh38	enriched using a pan T-cell isolation kit/sorted for live CD45+CD3+ cells	True	naive / central memory T cells	-3.070689	-2.7378135
CTCACACAGTGCCAGA-1	1895.0	912.0	0.04379947	2020-03-18-82	Small (0 < X <= 0.01)	Single (0 < X <= 1)	X2020.03.18.82	Control0082_BM_Tcells	Control0082	Normal	 Bone marrow mononuclear cells (BMMCs)	male	Fresh frozen	CD8+ Naive	mononuclear cells	5' Chromium Single Cell	CellRanger v.5.0	19 years	Unassigned	Unassigned	Unassigned	Unassigned	Unassigned	Unassigned	Unassigned	Unassigned	Control young	Aspirate	Normal	GRCh38	enriched using a pan T-cell isolation kit/sorted for live CD45+CD3+ cells	True	naive / central memory T cells	-2.5793607	-2.346774
CTCACACCAGATGGCA-1	3771.0	1427.0	0.037390612	2020-03-18-82	Small (0 < X <= 0.01)	Single (0 < X <= 1)	X2020.03.18.82	Control0082_BM_Tcells	Control0082	Normal	 Bone marrow mononuclear cells (BMMCs)	male	Fresh frozen	CD4+ Activated	mononuclear cells	5' Chromium Single Cell	CellRanger v.5.0	19 years	Unassigned	Unassigned	Unassigned	Unassigned	Unassigned	Unassigned	Unassigned	Unassigned	Control young	Aspirate	Normal	GRCh38	enriched using a pan T-cell isolation kit/sorted for live CD45+CD3+ cells	True	naive / central memory T cells	0.3685543	2.3181746
CTCACACTCGGTTAAC-1	2120.0	979.0	0.031132076	2020-03-18-82	Small (0 < X <= 0.01)	Small (1 < X <= 5)	X2020.03.18.82	Control0082_BM_Tcells	Control0082	Normal	 Bone marrow mononuclear cells (BMMCs)	male	Fresh frozen	Gamma-delta T cell (gd T)	mononuclear cells	5' Chromium Single Cell	CellRanger v.5.0	19 years	Unassigned	Unassigned	Unassigned	Unassigned	Unassigned	Unassigned	Unassigned	Unassigned	Control young	Aspirate	Normal	GRCh38	enriched using a pan T-cell isolation kit/sorted for live CD45+CD3+ cells	True	terminal effector T cells	2.3099687	1.8585987
CTCACACTCTCTTGAT-1	1792.0	846.0	0.022879465	2020-03-18-82	Small (0 < X <= 0.01)	Single (0 < X <= 1)	X2020.03.18.82	Control0082_BM_Tcells	Control0082	Normal	 Bone marrow mononuclear cells (BMMCs)	male	Fresh frozen	CD8+ tissue-resident memory T (TRM)	mononuclear cells	5' Chromium Single Cell	CellRanger v.5.0	19 years	Unassigned	Unassigned	Unassigned	Unassigned	Unassigned	Unassigned	Unassigned	Unassigned	Control young	Aspirate	Normal	GRCh38	enriched using a pan T-cell isolation kit/sorted for live CD45+CD3+ cells	True	transitional T cells	-3.6421535	-1.2883712
CTCAGAACAATTGCTG-1	2294.0	1069.0	0.08544028	2020-03-18-82	Small (0 < X <= 0.01)	Single (0 < X <= 1)	X2020.03.18.82	Control0082_BM_Tcells	Control0082	Normal	 Bone marrow mononuclear cells (BMMCs)	male	Fresh frozen	CD8+ GZMK+	mononuclear cells	5' Chromium Single Cell	CellRanger v.5.0	19 years	Unassigned	Unassigned	Unassigned	Unassigned	Unassigned	Unassigned	Unassigned	Unassigned	Control young	Aspirate	Normal	GRCh38	enriched using a pan T-cell isolation kit/sorted for live CD45+CD3+ cells	True	terminal effector T cells	3.2254868	1.7313659
CTCAGAACAGACACTT-1	2391.0	941.0	0.016729401	2020-03-18-82	Small (0 < X <= 0.01)	Single (0 < X <= 1)	X2020.03.18.82	Control0082_BM_Tcells	Control0082	Normal	 Bone marrow mononuclear cells (BMMCs)	male	Fresh frozen	CD8+ Naive	mononuclear cells	5' Chromium Single Cell	CellRanger v.5.0	19 years	Unassigned	Unassigned	Unassigned	Unassigned	Unassigned	Unassigned	Unassigned	Unassigned	Control young	Aspirate	Normal	GRCh38	enriched using a pan T-cell isolation kit/sorted for live CD45+CD3+ cells	True	naive / central memory T cells	-5.772152	-1.4023284
CTCATTAGTACATCCA-1	3664.0	1447.0	0.031932313	2020-03-18-82	Unassigned	Unassigned	X2020.03.18.82	Control0082_BM_Tcells	Control0082	Normal	 Bone marrow mononuclear cells (BMMCs)	male	Fresh frozen	Mucosal-associated invariant T (MAIT)	mononuclear cells	5' Chromium Single Cell	CellRanger v.5.0	19 years	Unassigned	Unassigned	Unassigned	Unassigned	Unassigned	Unassigned	Unassigned	Unassigned	Control young	Aspirate	Normal	GRCh38	enriched using a pan T-cell isolation kit/sorted for live CD45+CD3+ cells	True	transitional T cells	-3.8316557	3.0585718
CTCGAAAAGCACACAG-1	2242.0	1005.0	0.023639608	2020-03-18-82	Small (0 < X <= 0.01)	Small (1 < X <= 5)	X2020.03.18.82	Control0082_BM_Tcells	Control0082	Normal	 Bone marrow mononuclear cells (BMMCs)	male	Fresh frozen	Gamma-delta T cell (gd T)	mononuclear cells	5' Chromium Single Cell	CellRanger v.5.0	19 years	Unassigned	Unassigned	Unassigned	Unassigned	Unassigned	Unassigned	Unassigned	Unassigned	Control young	Aspirate	Normal	GRCh38	enriched using a pan T-cell isolation kit/sorted for live CD45+CD3+ cells	True	terminal effector T cells	-5.9636693	0.18893577
CTCGAGGAGATAGCAT-1	4994.0	1844.0	0.02823388	2020-03-18-82	Small (0 < X <= 0.01)	Single (0 < X <= 1)	X2020.03.18.82	Control0082_BM_Tcells	Control0082	Normal	 Bone marrow mononuclear cells (BMMCs)	male	Fresh frozen	CD8+ NK-like	mononuclear cells	5' Chromium Single Cell	CellRanger v.5.0	19 years	Unassigned	Unassigned	Unassigned	Unassigned	Unassigned	Unassigned	Unassigned	Unassigned	Control young	Aspirate	Normal	GRCh38	enriched using a pan T-cell isolation kit/sorted for live CD45+CD3+ cells	True	terminal effector T cells	6.396214	-1.2605399
CTCGAGGCAACTGCGC-1	1492.0	735.0	0.05764075	2020-03-18-82	Large (0.01 < X <= 0.1)	Large (20 < X <= 100)	X2020.03.18.82	Control0082_BM_Tcells	Control0082	Normal	 Bone marrow mononuclear cells (BMMCs)	male	Fresh frozen	Gamma-delta T cell (gd T)	mononuclear cells	5' Chromium Single Cell	CellRanger v.5.0	19 years	Unassigned	Unassigned	Unassigned	Unassigned	Unassigned	Unassigned	Unassigned	Unassigned	Control young	Aspirate	Normal	GRCh38	enriched using a pan T-cell isolation kit/sorted for live CD45+CD3+ cells	True	terminal effector T cells	7.539905	-3.9821105
CTCGAGGTCAATACCG-1	3310.0	1284.0	0.11903323	2020-03-18-82	Small (0 < X <= 0.01)	Single (0 < X <= 1)	X2020.03.18.82	Control0082_BM_Tcells	Control0082	Normal	 Bone marrow mononuclear cells (BMMCs)	male	Fresh frozen	CD8+ tissue-resident memory T (TRM)	mononuclear cells	5' Chromium Single Cell	CellRanger v.5.0	19 years	Unassigned	Unassigned	Unassigned	Unassigned	Unassigned	Unassigned	Unassigned	Unassigned	Control young	Aspirate	Normal	GRCh38	enriched using a pan T-cell isolation kit/sorted for live CD45+CD3+ cells	True	transitional T cells	-0.4334642	2.8729098
CTCGGAGGTGCTGTAT-1	1602.0	813.0	0.011860175	2020-03-18-82	Small (0 < X <= 0.01)	Single (0 < X <= 1)	X2020.03.18.82	Control0082_BM_Tcells	Control0082	Normal	 Bone marrow mononuclear cells (BMMCs)	male	Fresh frozen	CD8+ GZMK+	mononuclear cells	5' Chromium Single Cell	CellRanger v.5.0	19 years	Unassigned	Unassigned	Unassigned	Unassigned	Unassigned	Unassigned	Unassigned	Unassigned	Control young	Aspirate	Normal	GRCh38	enriched using a pan T-cell isolation kit/sorted for live CD45+CD3+ cells	True	terminal effector T cells	2.342044	0.14450593
CTCGGGATCTTGGGTA-1	1709.0	764.0	0.022235226	2020-03-18-82	Small (0 < X <= 0.01)	Single (0 < X <= 1)	X2020.03.18.82	Control0082_BM_Tcells	Control0082	Normal	 Bone marrow mononuclear cells (BMMCs)	male	Fresh frozen	CD4+ Naive	mononuclear cells	5' Chromium Single Cell	CellRanger v.5.0	19 years	Unassigned	Unassigned	Unassigned	Unassigned	Unassigned	Unassigned	Unassigned	Unassigned	Control young	Aspirate	Normal	GRCh38	enriched using a pan T-cell isolation kit/sorted for live CD45+CD3+ cells	True	naive / central memory T cells	-4.0056295	-2.4501882
CTCGTACAGAATTGTG-1	1880.0	903.0	0.026595745	2020-03-18-82	Large (0.01 < X <= 0.1)	Large (20 < X <= 100)	X2020.03.18.82	Control0082_BM_Tcells	Control0082	Normal	 Bone marrow mononuclear cells (BMMCs)	male	Fresh frozen	CD8+ GZMK+	mononuclear cells	5' Chromium Single Cell	CellRanger v.5.0	19 years	Unassigned	Unassigned	Unassigned	Unassigned	Unassigned	Unassigned	Unassigned	Unassigned	Control young	Aspirate	Normal	GRCh38	enriched using a pan T-cell isolation kit/sorted for live CD45+CD3+ cells	True	terminal effector T cells	3.3361945	0.18555363
CTCGTCAAGGTGATTA-1	2156.0	916.0	0.020408163	2020-03-18-82	Small (0 < X <= 0.01)	Single (0 < X <= 1)	X2020.03.18.82	Control0082_BM_Tcells	Control0082	Normal	 Bone marrow mononuclear cells (BMMCs)	male	Fresh frozen	CD8+ tissue-resident memory T (TRM)	mononuclear cells	5' Chromium Single Cell	CellRanger v.5.0	19 years	Unassigned	Unassigned	Unassigned	Unassigned	Unassigned	Unassigned	Unassigned	Unassigned	Control young	Aspirate	Normal	GRCh38	enriched using a pan T-cell isolation kit/sorted for live CD45+CD3+ cells	True	transitional T cells	-4.9155273	-2.0489461
CTCTAATCAGCTGCTG-1	1972.0	862.0	0.022312373	2020-03-18-82	Small (0 < X <= 0.01)	Single (0 < X <= 1)	X2020.03.18.82	Control0082_BM_Tcells	Control0082	Normal	 Bone marrow mononuclear cells (BMMCs)	male	Fresh frozen	CD8+ Naive	mononuclear cells	5' Chromium Single Cell	CellRanger v.5.0	19 years	Unassigned	Unassigned	Unassigned	Unassigned	Unassigned	Unassigned	Unassigned	Unassigned	Control young	Aspirate	Normal	GRCh38	enriched using a pan T-cell isolation kit/sorted for live CD45+CD3+ cells	True	naive / central memory T cells	-4.1392703	-2.421525
CTCTAATGTCACTGGC-1	1765.0	922.0	0.026062323	2020-03-18-82	Large (0.01 < X <= 0.1)	Medium (5 < X <= 20)	X2020.03.18.82	Control0082_BM_Tcells	Control0082	Normal	 Bone marrow mononuclear cells (BMMCs)	male	Fresh frozen	CD8+ GZMK+	mononuclear cells	5' Chromium Single Cell	CellRanger v.5.0	19 years	Unassigned	Unassigned	Unassigned	Unassigned	Unassigned	Unassigned	Unassigned	Unassigned	Control young	Aspirate	Normal	GRCh38	enriched using a pan T-cell isolation kit/sorted for live CD45+CD3+ cells	True	terminal effector T cells	2.388829	0.985822
CTCTAATGTTACTGAC-1	2066.0	1019.0	0.024201356	2020-03-18-82	Small (0 < X <= 0.01)	Single (0 < X <= 1)	X2020.03.18.82	Control0082_BM_Tcells	Control0082	Normal	 Bone marrow mononuclear cells (BMMCs)	male	Fresh frozen	CD4+ central memory T (CD4+ TCM)	mononuclear cells	5' Chromium Single Cell	CellRanger v.5.0	19 years	Unassigned	Unassigned	Unassigned	Unassigned	Unassigned	Unassigned	Unassigned	Unassigned	Control young	Aspirate	Normal	GRCh38	enriched using a pan T-cell isolation kit/sorted for live CD45+CD3+ cells	True	naive / central memory T cells	-3.428786	2.9273853
CTCTAATTCATGTCTT-1	2486.0	1094.0	0.045454547	2020-03-18-82	Large (0.01 < X <= 0.1)	Medium (5 < X <= 20)	X2020.03.18.82	Control0082_BM_Tcells	Control0082	Normal	 Bone marrow mononuclear cells (BMMCs)	male	Fresh frozen	Gamma-delta T cell (gd T)	mononuclear cells	5' Chromium Single Cell	CellRanger v.5.0	19 years	Unassigned	Unassigned	Unassigned	Unassigned	Unassigned	Unassigned	Unassigned	Unassigned	Control young	Aspirate	Normal	GRCh38	enriched using a pan T-cell isolation kit/sorted for live CD45+CD3+ cells	True	terminal effector T cells	7.6266456	-4.019976
CTCTACGAGTGGCACA-1	1968.0	935.0	0.026930895	2020-03-18-82	Small (0 < X <= 0.01)	Single (0 < X <= 1)	X2020.03.18.82	Control0082_BM_Tcells	Control0082	Normal	 Bone marrow mononuclear cells (BMMCs)	male	Fresh frozen	CD8+ NK-like	mononuclear cells	5' Chromium Single Cell	CellRanger v.5.0	19 years	Unassigned	Unassigned	Unassigned	Unassigned	Unassigned	Unassigned	Unassigned	Unassigned	Control young	Aspirate	Normal	GRCh38	enriched using a pan T-cell isolation kit/sorted for live CD45+CD3+ cells	True	terminal effector T cells	4.266684	1.6034067
CTCTACGGTAGAAAGG-1	1153.0	630.0	0.03642671	2020-03-18-82	Small (0 < X <= 0.01)	Single (0 < X <= 1)	X2020.03.18.82	Control0082_BM_Tcells	Control0082	Normal	 Bone marrow mononuclear cells (BMMCs)	male	Fresh frozen	CD8+ Cytotoxic	mononuclear cells	5' Chromium Single Cell	CellRanger v.5.0	19 years	Unassigned	Unassigned	Unassigned	Unassigned	Unassigned	Unassigned	Unassigned	Unassigned	Control young	Aspirate	Normal	GRCh38	enriched using a pan T-cell isolation kit/sorted for live CD45+CD3+ cells	True	terminal effector T cells	7.0299635	-3.7642398
CTCTGGTCAGGGCATA-1	2257.0	966.0	0.0234825	2020-03-18-82	Small (0 < X <= 0.01)	Single (0 < X <= 1)	X2020.03.18.82	Control0082_BM_Tcells	Control0082	Normal	 Bone marrow mononuclear cells (BMMCs)	male	Fresh frozen	CD4+ central memory T (CD4+ TCM)	mononuclear cells	5' Chromium Single Cell	CellRanger v.5.0	19 years	Unassigned	Unassigned	Unassigned	Unassigned	Unassigned	Unassigned	Unassigned	Unassigned	Control young	Aspirate	Normal	GRCh38	enriched using a pan T-cell isolation kit/sorted for live CD45+CD3+ cells	True	naive / central memory T cells	-5.5326595	1.4427398
CTCTGGTTCCGGCACA-1	1867.0	860.0	0.034279592	2020-03-18-82	Small (0 < X <= 0.01)	Small (1 < X <= 5)	X2020.03.18.82	Control0082_BM_Tcells	Control0082	Normal	 Bone marrow mononuclear cells (BMMCs)	male	Fresh frozen	CD8+ GZMK+	mononuclear cells	5' Chromium Single Cell	CellRanger v.5.0	19 years	Unassigned	Unassigned	Unassigned	Unassigned	Unassigned	Unassigned	Unassigned	Unassigned	Control young	Aspirate	Normal	GRCh38	enriched using a pan T-cell isolation kit/sorted for live CD45+CD3+ cells	True	terminal effector T cells	2.6135576	-1.1932262
CTGAAACTCTTGCCGT-1	1151.0	569.0	0.026064292	2020-03-18-82	Small (0 < X <= 0.01)	Single (0 < X <= 1)	X2020.03.18.82	Control0082_BM_Tcells	Control0082	Normal	 Bone marrow mononuclear cells (BMMCs)	male	Fresh frozen	Gamma-delta T cell (gd T)	mononuclear cells	5' Chromium Single Cell	CellRanger v.5.0	19 years	Unassigned	Unassigned	Unassigned	Unassigned	Unassigned	Unassigned	Unassigned	Unassigned	Control young	Aspirate	Normal	GRCh38	enriched using a pan T-cell isolation kit/sorted for live CD45+CD3+ cells	True	terminal effector T cells	-4.6680565	-1.7521805
CTGAAGTGTATAGTAG-1	4705.0	1596.0	0.04357067	2020-03-18-82	Small (0 < X <= 0.01)	Single (0 < X <= 1)	X2020.03.18.82	Control0082_BM_Tcells	Control0082	Normal	 Bone marrow mononuclear cells (BMMCs)	male	Fresh frozen	CD4+ Naive	mononuclear cells	5' Chromium Single Cell	CellRanger v.5.0	19 years	Unassigned	Unassigned	Unassigned	Unassigned	Unassigned	Unassigned	Unassigned	Unassigned	Control young	Aspirate	Normal	GRCh38	enriched using a pan T-cell isolation kit/sorted for live CD45+CD3+ cells	True	naive / central memory T cells	-7.1259236	-1.7627212
CTGAAGTGTTAAGTAG-1	2338.0	1079.0	0.032506417	2020-03-18-82	Small (0 < X <= 0.01)	Single (0 < X <= 1)	X2020.03.18.82	Control0082_BM_Tcells	Control0082	Normal	 Bone marrow mononuclear cells (BMMCs)	male	Fresh frozen	CD8+ tissue-resident memory T (TRM)	mononuclear cells	5' Chromium Single Cell	CellRanger v.5.0	19 years	Unassigned	Unassigned	Unassigned	Unassigned	Unassigned	Unassigned	Unassigned	Unassigned	Control young	Aspirate	Normal	GRCh38	enriched using a pan T-cell isolation kit/sorted for live CD45+CD3+ cells	True	transitional T cells	-0.8993962	-0.35207272
CTGAAGTTCCTGCTTG-1	3455.0	1384.0	0.033863965	2020-03-18-82	Small (0 < X <= 0.01)	Single (0 < X <= 1)	X2020.03.18.82	Control0082_BM_Tcells	Control0082	Normal	 Bone marrow mononuclear cells (BMMCs)	male	Fresh frozen	CD8+ tissue-resident memory T (TRM)	mononuclear cells	5' Chromium Single Cell	CellRanger v.5.0	19 years	Unassigned	Unassigned	Unassigned	Unassigned	Unassigned	Unassigned	Unassigned	Unassigned	Control young	Aspirate	Normal	GRCh38	enriched using a pan T-cell isolation kit/sorted for live CD45+CD3+ cells	True	transitional T cells	-4.5814204	4.0758295
CTGATAGTCTTGTATC-1	1768.0	867.0	0.03733032	2020-03-18-82	Small (0 < X <= 0.01)	Single (0 < X <= 1)	X2020.03.18.82	Control0082_BM_Tcells	Control0082	Normal	 Bone marrow mononuclear cells (BMMCs)	male	Fresh frozen	CD8+ NK-like	mononuclear cells	5' Chromium Single Cell	CellRanger v.5.0	19 years	Unassigned	Unassigned	Unassigned	Unassigned	Unassigned	Unassigned	Unassigned	Unassigned	Control young	Aspirate	Normal	GRCh38	enriched using a pan T-cell isolation kit/sorted for live CD45+CD3+ cells	True	terminal effector T cells	4.945059	0.24819393
CTGCGGAGTGAGTATA-1	4075.0	1535.0	0.03337423	2020-03-18-82	Small (0 < X <= 0.01)	Single (0 < X <= 1)	X2020.03.18.82	Control0082_BM_Tcells	Control0082	Normal	 Bone marrow mononuclear cells (BMMCs)	male	Fresh frozen	CD8+ GZMK+	mononuclear cells	5' Chromium Single Cell	CellRanger v.5.0	19 years	Unassigned	Unassigned	Unassigned	Unassigned	Unassigned	Unassigned	Unassigned	Unassigned	Control young	Aspirate	Normal	GRCh38	enriched using a pan T-cell isolation kit/sorted for live CD45+CD3+ cells	True	terminal effector T cells	1.2454326	0.85539323
CTGCTGTCATATGCTG-1	2012.0	912.0	0.03031809	2020-03-18-82	Small (0 < X <= 0.01)	Small (1 < X <= 5)	X2020.03.18.82	Control0082_BM_Tcells	Control0082	Normal	 Bone marrow mononuclear cells (BMMCs)	male	Fresh frozen	CD8+ GZMK+	mononuclear cells	5' Chromium Single Cell	CellRanger v.5.0	19 years	Unassigned	Unassigned	Unassigned	Unassigned	Unassigned	Unassigned	Unassigned	Unassigned	Control young	Aspirate	Normal	GRCh38	enriched using a pan T-cell isolation kit/sorted for live CD45+CD3+ cells	True	terminal effector T cells	2.4449155	1.3932773
CTGCTGTGTTGGGACA-1	2880.0	1112.0	0.019444445	2020-03-18-82	Small (0 < X <= 0.01)	Single (0 < X <= 1)	X2020.03.18.82	Control0082_BM_Tcells	Control0082	Normal	 Bone marrow mononuclear cells (BMMCs)	male	Fresh frozen	CD4+ Naive	mononuclear cells	5' Chromium Single Cell	CellRanger v.5.0	19 years	Unassigned	Unassigned	Unassigned	Unassigned	Unassigned	Unassigned	Unassigned	Unassigned	Control young	Aspirate	Normal	GRCh38	enriched using a pan T-cell isolation kit/sorted for live CD45+CD3+ cells	True	naive / central memory T cells	-6.4755664	0.19841261
CTGGTCTGTATGGTTC-1	2543.0	1001.0	0.0062917816	2020-03-18-82	Small (0 < X <= 0.01)	Single (0 < X <= 1)	X2020.03.18.82	Control0082_BM_Tcells	Control0082	Normal	 Bone marrow mononuclear cells (BMMCs)	male	Fresh frozen	Gamma-delta T cell (gd T)	mononuclear cells	5' Chromium Single Cell	CellRanger v.5.0	19 years	Unassigned	Unassigned	Unassigned	Unassigned	Unassigned	Unassigned	Unassigned	Unassigned	Control young	Aspirate	Normal	GRCh38	enriched using a pan T-cell isolation kit/sorted for live CD45+CD3+ cells	True	terminal effector T cells	-5.281846	2.2024872
CTGTGCTAGGATGGTC-1	1955.0	867.0	0.028132992	2020-03-18-82	Large (0.01 < X <= 0.1)	Medium (5 < X <= 20)	X2020.03.18.82	Control0082_BM_Tcells	Control0082	Normal	 Bone marrow mononuclear cells (BMMCs)	male	Fresh frozen	CD8+ GZMK+	mononuclear cells	5' Chromium Single Cell	CellRanger v.5.0	19 years	Unassigned	Unassigned	Unassigned	Unassigned	Unassigned	Unassigned	Unassigned	Unassigned	Control young	Aspirate	Normal	GRCh38	enriched using a pan T-cell isolation kit/sorted for live CD45+CD3+ cells	True	terminal effector T cells	1.9359599	0.24515976
CTGTTTACATCCGCGA-1	3647.0	1318.0	0.020839047	2020-03-18-82	Small (0 < X <= 0.01)	Single (0 < X <= 1)	X2020.03.18.82	Control0082_BM_Tcells	Control0082	Normal	 Bone marrow mononuclear cells (BMMCs)	male	Fresh frozen	Gamma-delta T cell (gd T)	mononuclear cells	5' Chromium Single Cell	CellRanger v.5.0	19 years	Unassigned	Unassigned	Unassigned	Unassigned	Unassigned	Unassigned	Unassigned	Unassigned	Control young	Aspirate	Normal	GRCh38	enriched using a pan T-cell isolation kit/sorted for live CD45+CD3+ cells	True	terminal effector T cells	-5.723744	2.8826823
CTGTTTAGTTTCGCTC-1	1137.0	597.0	0.01055409	2020-03-18-82	Small (0 < X <= 0.01)	Single (0 < X <= 1)	X2020.03.18.82	Control0082_BM_Tcells	Control0082	Normal	 Bone marrow mononuclear cells (BMMCs)	male	Fresh frozen	CD8+ tissue-resident memory T (TRM)	mononuclear cells	5' Chromium Single Cell	CellRanger v.5.0	19 years	Unassigned	Unassigned	Unassigned	Unassigned	Unassigned	Unassigned	Unassigned	Unassigned	Control young	Aspirate	Normal	GRCh38	enriched using a pan T-cell isolation kit/sorted for live CD45+CD3+ cells	True	transitional T cells	-0.14064582	-0.41178286
CTGTTTATCAGCTTAG-1	1639.0	791.0	0.043929227	2020-03-18-82	Small (0 < X <= 0.01)	Single (0 < X <= 1)	X2020.03.18.82	Control0082_BM_Tcells	Control0082	Normal	 Bone marrow mononuclear cells (BMMCs)	male	Fresh frozen	Gamma-delta T cell (gd T)	mononuclear cells	5' Chromium Single Cell	CellRanger v.5.0	19 years	Unassigned	Unassigned	Unassigned	Unassigned	Unassigned	Unassigned	Unassigned	Unassigned	Control young	Aspirate	Normal	GRCh38	enriched using a pan T-cell isolation kit/sorted for live CD45+CD3+ cells	True	terminal effector T cells	3.5830996	-1.3723992
CTTAACTAGTCCGGTC-1	1921.0	884.0	0.021863613	2020-03-18-82	Small (0 < X <= 0.01)	Single (0 < X <= 1)	X2020.03.18.82	Control0082_BM_Tcells	Control0082	Normal	 Bone marrow mononuclear cells (BMMCs)	male	Fresh frozen	CD8+ Naive	mononuclear cells	5' Chromium Single Cell	CellRanger v.5.0	19 years	Unassigned	Unassigned	Unassigned	Unassigned	Unassigned	Unassigned	Unassigned	Unassigned	Control young	Aspirate	Normal	GRCh38	enriched using a pan T-cell isolation kit/sorted for live CD45+CD3+ cells	True	naive / central memory T cells	-6.8556786	-0.3543527
CTTAACTTCAAGATCC-1	1619.0	907.0	0.035206918	2020-03-18-82	Small (0 < X <= 0.01)	Single (0 < X <= 1)	X2020.03.18.82	Control0082_BM_Tcells	Control0082	Normal	 Bone marrow mononuclear cells (BMMCs)	male	Fresh frozen	CD8+ Cytotoxic	mononuclear cells	5' Chromium Single Cell	CellRanger v.5.0	19 years	Unassigned	Unassigned	Unassigned	Unassigned	Unassigned	Unassigned	Unassigned	Unassigned	Control young	Aspirate	Normal	GRCh38	enriched using a pan T-cell isolation kit/sorted for live CD45+CD3+ cells	True	terminal effector T cells	7.383662	-3.8772025
CTTAGGAAGGACTGGT-1	1521.0	780.0	0.02695595	2020-03-18-82	Small (0 < X <= 0.01)	Single (0 < X <= 1)	X2020.03.18.82	Control0082_BM_Tcells	Control0082	Normal	 Bone marrow mononuclear cells (BMMCs)	male	Fresh frozen	Gamma-delta T cell (gd T)	mononuclear cells	5' Chromium Single Cell	CellRanger v.5.0	19 years	Unassigned	Unassigned	Unassigned	Unassigned	Unassigned	Unassigned	Unassigned	Unassigned	Control young	Aspirate	Normal	GRCh38	enriched using a pan T-cell isolation kit/sorted for live CD45+CD3+ cells	True	terminal effector T cells	6.0530663	0.57971245
CTTAGGACAATAGCAA-1	1742.0	873.0	0.0608496	2020-03-18-82	Small (0 < X <= 0.01)	Small (1 < X <= 5)	X2020.03.18.82	Control0082_BM_Tcells	Control0082	Normal	 Bone marrow mononuclear cells (BMMCs)	male	Fresh frozen	CD8+ GZMK+	mononuclear cells	5' Chromium Single Cell	CellRanger v.5.0	19 years	Unassigned	Unassigned	Unassigned	Unassigned	Unassigned	Unassigned	Unassigned	Unassigned	Control young	Aspirate	Normal	GRCh38	enriched using a pan T-cell isolation kit/sorted for live CD45+CD3+ cells	True	terminal effector T cells	3.4400084	1.1268426
CTTAGGACATTTGCTT-1	1772.0	855.0	0.058126412	2020-03-18-82	Small (0 < X <= 0.01)	Single (0 < X <= 1)	X2020.03.18.82	Control0082_BM_Tcells	Control0082	Normal	 Bone marrow mononuclear cells (BMMCs)	male	Fresh frozen	CD8+ GZMK+	mononuclear cells	5' Chromium Single Cell	CellRanger v.5.0	19 years	Unassigned	Unassigned	Unassigned	Unassigned	Unassigned	Unassigned	Unassigned	Unassigned	Control young	Aspirate	Normal	GRCh38	enriched using a pan T-cell isolation kit/sorted for live CD45+CD3+ cells	True	terminal effector T cells	2.1202118	0.6117819
CTTCTCTCAAGGTTCT-1	1639.0	850.0	0.039658327	2020-03-18-82	Small (0 < X <= 0.01)	Single (0 < X <= 1)	X2020.03.18.82	Control0082_BM_Tcells	Control0082	Normal	 Bone marrow mononuclear cells (BMMCs)	male	Fresh frozen	CD8+ Naive	mononuclear cells	5' Chromium Single Cell	CellRanger v.5.0	19 years	Unassigned	Unassigned	Unassigned	Unassigned	Unassigned	Unassigned	Unassigned	Unassigned	Control young	Aspirate	Normal	GRCh38	enriched using a pan T-cell isolation kit/sorted for live CD45+CD3+ cells	True	naive / central memory T cells	-3.1840923	-3.2540736
CTTCTCTGTATGAATG-1	3021.0	1198.0	0.01489573	2020-03-18-82	Small (0 < X <= 0.01)	Single (0 < X <= 1)	X2020.03.18.82	Control0082_BM_Tcells	Control0082	Normal	 Bone marrow mononuclear cells (BMMCs)	male	Fresh frozen	CD8+ Naive	mononuclear cells	5' Chromium Single Cell	CellRanger v.5.0	19 years	Unassigned	Unassigned	Unassigned	Unassigned	Unassigned	Unassigned	Unassigned	Unassigned	Control young	Aspirate	Normal	GRCh38	enriched using a pan T-cell isolation kit/sorted for live CD45+CD3+ cells	True	naive / central memory T cells	-3.4136796	-2.2441497
CTTGGCTAGAAACGAG-1	1452.0	718.0	0.046831954	2020-03-18-82	Small (0 < X <= 0.01)	Single (0 < X <= 1)	X2020.03.18.82	Control0082_BM_Tcells	Control0082	Normal	 Bone marrow mononuclear cells (BMMCs)	male	Fresh frozen	CD8+ NK-like	mononuclear cells	5' Chromium Single Cell	CellRanger v.5.0	19 years	Unassigned	Unassigned	Unassigned	Unassigned	Unassigned	Unassigned	Unassigned	Unassigned	Control young	Aspirate	Normal	GRCh38	enriched using a pan T-cell isolation kit/sorted for live CD45+CD3+ cells	True	terminal effector T cells	6.1038256	-2.6790452
CTTGGCTCAACGATGG-1	2049.0	979.0	0.020985847	2020-03-18-82	Small (0 < X <= 0.01)	Single (0 < X <= 1)	X2020.03.18.82	Control0082_BM_Tcells	Control0082	Normal	 Bone marrow mononuclear cells (BMMCs)	male	Fresh frozen	CD8+ NK-like	mononuclear cells	5' Chromium Single Cell	CellRanger v.5.0	19 years	Unassigned	Unassigned	Unassigned	Unassigned	Unassigned	Unassigned	Unassigned	Unassigned	Control young	Aspirate	Normal	GRCh38	enriched using a pan T-cell isolation kit/sorted for live CD45+CD3+ cells	True	terminal effector T cells	6.000291	0.62413484
CTTGGCTCACTTCGAA-1	2142.0	950.0	0.0340803	2020-03-18-82	Small (0 < X <= 0.01)	Single (0 < X <= 1)	X2020.03.18.82	Control0082_BM_Tcells	Control0082	Normal	 Bone marrow mononuclear cells (BMMCs)	male	Fresh frozen	CD4+ Naive	mononuclear cells	5' Chromium Single Cell	CellRanger v.5.0	19 years	Unassigned	Unassigned	Unassigned	Unassigned	Unassigned	Unassigned	Unassigned	Unassigned	Control young	Aspirate	Normal	GRCh38	enriched using a pan T-cell isolation kit/sorted for live CD45+CD3+ cells	True	naive / central memory T cells	-6.0585165	-1.5559963
CTTGGCTTCGACCAGC-1	1981.0	1009.0	0.024734983	2020-03-18-82	Large (0.01 < X <= 0.1)	Large (20 < X <= 100)	X2020.03.18.82	Control0082_BM_Tcells	Control0082	Normal	 Bone marrow mononuclear cells (BMMCs)	male	Fresh frozen	CD8+ GZMK+	mononuclear cells	5' Chromium Single Cell	CellRanger v.5.0	19 years	Unassigned	Unassigned	Unassigned	Unassigned	Unassigned	Unassigned	Unassigned	Unassigned	Control young	Aspirate	Normal	GRCh38	enriched using a pan T-cell isolation kit/sorted for live CD45+CD3+ cells	True	terminal effector T cells	2.8049052	0.27994597
CTTGGCTTCTGCTGTC-1	1418.0	714.0	0.05571227	2020-03-18-82	Small (0 < X <= 0.01)	Single (0 < X <= 1)	X2020.03.18.82	Control0082_BM_Tcells	Control0082	Normal	 Bone marrow mononuclear cells (BMMCs)	male	Fresh frozen	CD4+ central memory T (CD4+ TCM)	mononuclear cells	5' Chromium Single Cell	CellRanger v.5.0	19 years	Unassigned	Unassigned	Unassigned	Unassigned	Unassigned	Unassigned	Unassigned	Unassigned	Control young	Aspirate	Normal	GRCh38	enriched using a pan T-cell isolation kit/sorted for live CD45+CD3+ cells	True	naive / central memory T cells	-4.2578173	2.2123394
CTTTGCGCAGGAACGT-1	2229.0	1050.0	0.017945267	2020-03-18-82	Small (0 < X <= 0.01)	Single (0 < X <= 1)	X2020.03.18.82	Control0082_BM_Tcells	Control0082	Normal	 Bone marrow mononuclear cells (BMMCs)	male	Fresh frozen	CD8+ Cytotoxic	mononuclear cells	5' Chromium Single Cell	CellRanger v.5.0	19 years	Unassigned	Unassigned	Unassigned	Unassigned	Unassigned	Unassigned	Unassigned	Unassigned	Control young	Aspirate	Normal	GRCh38	enriched using a pan T-cell isolation kit/sorted for live CD45+CD3+ cells	True	terminal effector T cells	7.454251	-3.2833014
GAAACTCCAAAGCAAT-1	2726.0	1110.0	0.039985325	2020-03-18-82	Small (0 < X <= 0.01)	Single (0 < X <= 1)	X2020.03.18.82	Control0082_BM_Tcells	Control0082	Normal	 Bone marrow mononuclear cells (BMMCs)	male	Fresh frozen	CD8+ Naive	mononuclear cells	5' Chromium Single Cell	CellRanger v.5.0	19 years	Unassigned	Unassigned	Unassigned	Unassigned	Unassigned	Unassigned	Unassigned	Unassigned	Control young	Aspirate	Normal	GRCh38	enriched using a pan T-cell isolation kit/sorted for live CD45+CD3+ cells	True	naive / central memory T cells	-5.7568817	-2.494135
GAAATGAAGTTGTAGA-1	2647.0	1065.0	0.038156405	2020-03-18-82	Small (0 < X <= 0.01)	Single (0 < X <= 1)	X2020.03.18.82	Control0082_BM_Tcells	Control0082	Normal	 Bone marrow mononuclear cells (BMMCs)	male	Fresh frozen	CD8+ Naive	mononuclear cells	5' Chromium Single Cell	CellRanger v.5.0	19 years	Unassigned	Unassigned	Unassigned	Unassigned	Unassigned	Unassigned	Unassigned	Unassigned	Control young	Aspirate	Normal	GRCh38	enriched using a pan T-cell isolation kit/sorted for live CD45+CD3+ cells	True	naive / central memory T cells	-2.7033098	-2.2182496
GAAATGACACAAGACG-1	2088.0	899.0	0.021072797	2020-03-18-82	Small (0 < X <= 0.01)	Single (0 < X <= 1)	X2020.03.18.82	Control0082_BM_Tcells	Control0082	Normal	 Bone marrow mononuclear cells (BMMCs)	male	Fresh frozen	CD8+ Naive	mononuclear cells	5' Chromium Single Cell	CellRanger v.5.0	19 years	Unassigned	Unassigned	Unassigned	Unassigned	Unassigned	Unassigned	Unassigned	Unassigned	Control young	Aspirate	Normal	GRCh38	enriched using a pan T-cell isolation kit/sorted for live CD45+CD3+ cells	True	naive / central memory T cells	-3.1310062	-2.403224
GAAATGACAGGTCTCG-1	1220.0	650.0	0.039344262	2020-03-18-82	Large (0.01 < X <= 0.1)	Medium (5 < X <= 20)	X2020.03.18.82	Control0082_BM_Tcells	Control0082	Normal	 Bone marrow mononuclear cells (BMMCs)	male	Fresh frozen	CD8+ GZMK+	mononuclear cells	5' Chromium Single Cell	CellRanger v.5.0	19 years	Unassigned	Unassigned	Unassigned	Unassigned	Unassigned	Unassigned	Unassigned	Unassigned	Control young	Aspirate	Normal	GRCh38	enriched using a pan T-cell isolation kit/sorted for live CD45+CD3+ cells	True	terminal effector T cells	-4.121495	-0.49035442
GAACATCCAAGGACTG-1	2383.0	1002.0	0.029794376	2020-03-18-82	Small (0 < X <= 0.01)	Single (0 < X <= 1)	X2020.03.18.82	Control0082_BM_Tcells	Control0082	Normal	 Bone marrow mononuclear cells (BMMCs)	male	Fresh frozen	Mucosal-associated invariant T (MAIT)	mononuclear cells	5' Chromium Single Cell	CellRanger v.5.0	19 years	Unassigned	Unassigned	Unassigned	Unassigned	Unassigned	Unassigned	Unassigned	Unassigned	Control young	Aspirate	Normal	GRCh38	enriched using a pan T-cell isolation kit/sorted for live CD45+CD3+ cells	True	transitional T cells	-4.0840187	-2.7206511
GAACATCGTCAGATAA-1	2524.0	1090.0	0.033676703	2020-03-18-82	Small (0 < X <= 0.01)	Single (0 < X <= 1)	X2020.03.18.82	Control0082_BM_Tcells	Control0082	Normal	 Bone marrow mononuclear cells (BMMCs)	male	Fresh frozen	CD4+ central memory T (CD4+ TCM)	mononuclear cells	5' Chromium Single Cell	CellRanger v.5.0	19 years	Unassigned	Unassigned	Unassigned	Unassigned	Unassigned	Unassigned	Unassigned	Unassigned	Control young	Aspirate	Normal	GRCh38	enriched using a pan T-cell isolation kit/sorted for live CD45+CD3+ cells	True	naive / central memory T cells	-5.483704	1.4364711
GAACATCTCTGCGTAA-1	1928.0	855.0	0.028526971	2020-03-18-82	Small (0 < X <= 0.01)	Single (0 < X <= 1)	X2020.03.18.82	Control0082_BM_Tcells	Control0082	Normal	 Bone marrow mononuclear cells (BMMCs)	male	Fresh frozen	CD8+ NK-like	mononuclear cells	5' Chromium Single Cell	CellRanger v.5.0	19 years	Unassigned	Unassigned	Unassigned	Unassigned	Unassigned	Unassigned	Unassigned	Unassigned	Control young	Aspirate	Normal	GRCh38	enriched using a pan T-cell isolation kit/sorted for live CD45+CD3+ cells	True	terminal effector T cells	5.6052017	1.4088116
GAACCTAAGAAACCGC-1	2284.0	1108.0	0.02977233	2020-03-18-82	Large (0.01 < X <= 0.1)	Medium (5 < X <= 20)	X2020.03.18.82	Control0082_BM_Tcells	Control0082	Normal	 Bone marrow mononuclear cells (BMMCs)	male	Fresh frozen	CD8+ Cytotoxic	mononuclear cells	5' Chromium Single Cell	CellRanger v.5.0	19 years	Unassigned	Unassigned	Unassigned	Unassigned	Unassigned	Unassigned	Unassigned	Unassigned	Control young	Aspirate	Normal	GRCh38	enriched using a pan T-cell isolation kit/sorted for live CD45+CD3+ cells	True	terminal effector T cells	7.581575	-3.6234007
GAACCTAAGCAACGGT-1	5272.0	1995.0	0.0457132	2020-03-18-82	Unassigned	Unassigned	X2020.03.18.82	Control0082_BM_Tcells	Control0082	Normal	 Bone marrow mononuclear cells (BMMCs)	male	Fresh frozen	CD8+ GZMK+	mononuclear cells	5' Chromium Single Cell	CellRanger v.5.0	19 years	Unassigned	Unassigned	Unassigned	Unassigned	Unassigned	Unassigned	Unassigned	Unassigned	Control young	Aspirate	Normal	GRCh38	enriched using a pan T-cell isolation kit/sorted for live CD45+CD3+ cells	True	terminal effector T cells	3.2240622	0.6032918
GAACCTACAAAGGTGC-1	4040.0	1359.0	0.012376238	2020-03-18-82	Small (0 < X <= 0.01)	Single (0 < X <= 1)	X2020.03.18.82	Control0082_BM_Tcells	Control0082	Normal	 Bone marrow mononuclear cells (BMMCs)	male	Fresh frozen	Gamma-delta T cell (gd T)	mononuclear cells	5' Chromium Single Cell	CellRanger v.5.0	19 years	Unassigned	Unassigned	Unassigned	Unassigned	Unassigned	Unassigned	Unassigned	Unassigned	Control young	Aspirate	Normal	GRCh38	enriched using a pan T-cell isolation kit/sorted for live CD45+CD3+ cells	True	terminal effector T cells	-5.9805636	-0.30330062
GAACCTATCTTCATGT-1	1147.0	622.0	0.035745423	2020-03-18-82	Small (0 < X <= 0.01)	Single (0 < X <= 1)	X2020.03.18.82	Control0082_BM_Tcells	Control0082	Normal	 Bone marrow mononuclear cells (BMMCs)	male	Fresh frozen	Gamma-delta T cell (gd T)	mononuclear cells	5' Chromium Single Cell	CellRanger v.5.0	19 years	Unassigned	Unassigned	Unassigned	Unassigned	Unassigned	Unassigned	Unassigned	Unassigned	Control young	Aspirate	Normal	GRCh38	enriched using a pan T-cell isolation kit/sorted for live CD45+CD3+ cells	True	terminal effector T cells	-4.638326	-1.1013948
GAACGGAGTAAACCTC-1	1117.0	596.0	0.05729633	2020-03-18-82	Small (0 < X <= 0.01)	Small (1 < X <= 5)	X2020.03.18.82	Control0082_BM_Tcells	Control0082	Normal	 Bone marrow mononuclear cells (BMMCs)	male	Fresh frozen	CD8+ Cytotoxic	mononuclear cells	5' Chromium Single Cell	CellRanger v.5.0	19 years	Unassigned	Unassigned	Unassigned	Unassigned	Unassigned	Unassigned	Unassigned	Unassigned	Control young	Aspirate	Normal	GRCh38	enriched using a pan T-cell isolation kit/sorted for live CD45+CD3+ cells	True	terminal effector T cells	7.3474674	-4.012913
GAAGCAGCAAGAAGAG-1	2001.0	965.0	0.046476763	2020-03-18-82	Small (0 < X <= 0.01)	Single (0 < X <= 1)	X2020.03.18.82	Control0082_BM_Tcells	Control0082	Normal	 Bone marrow mononuclear cells (BMMCs)	male	Fresh frozen	CD8+ Cytotoxic	mononuclear cells	5' Chromium Single Cell	CellRanger v.5.0	19 years	Unassigned	Unassigned	Unassigned	Unassigned	Unassigned	Unassigned	Unassigned	Unassigned	Control young	Aspirate	Normal	GRCh38	enriched using a pan T-cell isolation kit/sorted for live CD45+CD3+ cells	True	terminal effector T cells	7.416144	-3.2458973
GAAGCAGTCACCATAG-1	1995.0	866.0	0.050125312	2020-03-18-82	Small (0 < X <= 0.01)	Single (0 < X <= 1)	X2020.03.18.82	Control0082_BM_Tcells	Control0082	Normal	 Bone marrow mononuclear cells (BMMCs)	male	Fresh frozen	CD8+ GZMK+	mononuclear cells	5' Chromium Single Cell	CellRanger v.5.0	19 years	Unassigned	Unassigned	Unassigned	Unassigned	Unassigned	Unassigned	Unassigned	Unassigned	Control young	Aspirate	Normal	GRCh38	enriched using a pan T-cell isolation kit/sorted for live CD45+CD3+ cells	True	terminal effector T cells	2.6904392	2.134554
GACACGCCAAGTTCTG-1	3980.0	1172.0	0.02160804	2020-03-18-82	Small (0 < X <= 0.01)	Single (0 < X <= 1)	X2020.03.18.82	Control0082_BM_Tcells	Control0082	Normal	 Bone marrow mononuclear cells (BMMCs)	male	Fresh frozen	CD4+ Naive	mononuclear cells	5' Chromium Single Cell	CellRanger v.5.0	19 years	Unassigned	Unassigned	Unassigned	Unassigned	Unassigned	Unassigned	Unassigned	Unassigned	Control young	Aspirate	Normal	GRCh38	enriched using a pan T-cell isolation kit/sorted for live CD45+CD3+ cells	True	naive / central memory T cells	-6.059723	-0.54654694
GACACGCGTCTGATTG-1	2093.0	974.0	0.03440038	2020-03-18-82	Small (0 < X <= 0.01)	Single (0 < X <= 1)	X2020.03.18.82	Control0082_BM_Tcells	Control0082	Normal	 Bone marrow mononuclear cells (BMMCs)	male	Fresh frozen	CD8+ Naive	mononuclear cells	5' Chromium Single Cell	CellRanger v.5.0	19 years	Unassigned	Unassigned	Unassigned	Unassigned	Unassigned	Unassigned	Unassigned	Unassigned	Control young	Aspirate	Normal	GRCh38	enriched using a pan T-cell isolation kit/sorted for live CD45+CD3+ cells	True	naive / central memory T cells	-1.1754562	-0.5172092
GACACGCTCTTGTTTG-1	2849.0	991.0	0.01088101	2020-03-18-82	Small (0 < X <= 0.01)	Single (0 < X <= 1)	X2020.03.18.82	Control0082_BM_Tcells	Control0082	Normal	 Bone marrow mononuclear cells (BMMCs)	male	Fresh frozen	CD4+ central memory T (CD4+ TCM)	mononuclear cells	5' Chromium Single Cell	CellRanger v.5.0	19 years	Unassigned	Unassigned	Unassigned	Unassigned	Unassigned	Unassigned	Unassigned	Unassigned	Control young	Aspirate	Normal	GRCh38	enriched using a pan T-cell isolation kit/sorted for live CD45+CD3+ cells	True	naive / central memory T cells	-7.1316204	-1.666529
GACAGAGAGAAGGTTT-1	3116.0	1142.0	0.006418485	2020-03-18-82	Small (0 < X <= 0.01)	Single (0 < X <= 1)	X2020.03.18.82	Control0082_BM_Tcells	Control0082	Normal	 Bone marrow mononuclear cells (BMMCs)	male	Fresh frozen	CD4+ Naive	mononuclear cells	5' Chromium Single Cell	CellRanger v.5.0	19 years	Unassigned	Unassigned	Unassigned	Unassigned	Unassigned	Unassigned	Unassigned	Unassigned	Control young	Aspirate	Normal	GRCh38	enriched using a pan T-cell isolation kit/sorted for live CD45+CD3+ cells	True	naive / central memory T cells	-5.493822	0.0893634
GACAGAGAGCCAACAG-1	1827.0	750.0	0.029009305	2020-03-18-82	Small (0 < X <= 0.01)	Single (0 < X <= 1)	X2020.03.18.82	Control0082_BM_Tcells	Control0082	Normal	 Bone marrow mononuclear cells (BMMCs)	male	Fresh frozen	CD8+ tissue-resident memory T (TRM)	mononuclear cells	5' Chromium Single Cell	CellRanger v.5.0	19 years	Unassigned	Unassigned	Unassigned	Unassigned	Unassigned	Unassigned	Unassigned	Unassigned	Control young	Aspirate	Normal	GRCh38	enriched using a pan T-cell isolation kit/sorted for live CD45+CD3+ cells	True	transitional T cells	-1.0501294	2.1356678
GACAGAGAGCTGCCCA-1	1568.0	775.0	0.034438774	2020-03-18-82	Small (0 < X <= 0.01)	Single (0 < X <= 1)	X2020.03.18.82	Control0082_BM_Tcells	Control0082	Normal	 Bone marrow mononuclear cells (BMMCs)	male	Fresh frozen	CD8+ GZMK+	mononuclear cells	5' Chromium Single Cell	CellRanger v.5.0	19 years	Unassigned	Unassigned	Unassigned	Unassigned	Unassigned	Unassigned	Unassigned	Unassigned	Control young	Aspirate	Normal	GRCh38	enriched using a pan T-cell isolation kit/sorted for live CD45+CD3+ cells	True	terminal effector T cells	2.3637965	2.3468509
GACAGAGAGGTGTGGT-1	2506.0	1159.0	0.027533919	2020-03-18-82	Small (0 < X <= 0.01)	Single (0 < X <= 1)	X2020.03.18.82	Control0082_BM_Tcells	Control0082	Normal	 Bone marrow mononuclear cells (BMMCs)	male	Fresh frozen	CD8+ Cytotoxic	mononuclear cells	5' Chromium Single Cell	CellRanger v.5.0	19 years	Unassigned	Unassigned	Unassigned	Unassigned	Unassigned	Unassigned	Unassigned	Unassigned	Control young	Aspirate	Normal	GRCh38	enriched using a pan T-cell isolation kit/sorted for live CD45+CD3+ cells	True	terminal effector T cells	7.559297	-3.763801
GACAGAGGTCAGCTAT-1	3145.0	1218.0	0.041653417	2020-03-18-82	Small (0 < X <= 0.01)	Single (0 < X <= 1)	X2020.03.18.82	Control0082_BM_Tcells	Control0082	Normal	 Bone marrow mononuclear cells (BMMCs)	male	Fresh frozen	CD8+ Naive	mononuclear cells	5' Chromium Single Cell	CellRanger v.5.0	19 years	Unassigned	Unassigned	Unassigned	Unassigned	Unassigned	Unassigned	Unassigned	Unassigned	Control young	Aspirate	Normal	GRCh38	enriched using a pan T-cell isolation kit/sorted for live CD45+CD3+ cells	True	naive / central memory T cells	-6.937716	0.88305306
GACCAATAGGGTCGAT-1	2243.0	890.0	0.023183236	2020-03-18-82	Small (0 < X <= 0.01)	Single (0 < X <= 1)	X2020.03.18.82	Control0082_BM_Tcells	Control0082	Normal	 Bone marrow mononuclear cells (BMMCs)	male	Fresh frozen	CD4+ Naive	mononuclear cells	5' Chromium Single Cell	CellRanger v.5.0	19 years	Unassigned	Unassigned	Unassigned	Unassigned	Unassigned	Unassigned	Unassigned	Unassigned	Control young	Aspirate	Normal	GRCh38	enriched using a pan T-cell isolation kit/sorted for live CD45+CD3+ cells	True	naive / central memory T cells	-6.753193	-0.42120957
GACCAATGTTCAGACT-1	1563.0	766.0	0.022392834	2020-03-18-82	Small (0 < X <= 0.01)	Small (1 < X <= 5)	X2020.03.18.82	Control0082_BM_Tcells	Control0082	Normal	 Bone marrow mononuclear cells (BMMCs)	male	Fresh frozen	CD8+ GZMK+	mononuclear cells	5' Chromium Single Cell	CellRanger v.5.0	19 years	Unassigned	Unassigned	Unassigned	Unassigned	Unassigned	Unassigned	Unassigned	Unassigned	Control young	Aspirate	Normal	GRCh38	enriched using a pan T-cell isolation kit/sorted for live CD45+CD3+ cells	True	terminal effector T cells	1.5738235	0.7340448
GACCTGGAGAGACGAA-1	3364.0	1332.0	0.0324019	2020-03-18-82	Small (0 < X <= 0.01)	Single (0 < X <= 1)	X2020.03.18.82	Control0082_BM_Tcells	Control0082	Normal	 Bone marrow mononuclear cells (BMMCs)	male	Fresh frozen	CD4+ central memory T (CD4+ TCM)	mononuclear cells	5' Chromium Single Cell	CellRanger v.5.0	19 years	Unassigned	Unassigned	Unassigned	Unassigned	Unassigned	Unassigned	Unassigned	Unassigned	Control young	Aspirate	Normal	GRCh38	enriched using a pan T-cell isolation kit/sorted for live CD45+CD3+ cells	True	naive / central memory T cells	-4.7968473	1.7696657
GACGGCTAGGACGAAA-1	1499.0	712.0	0.07871915	2020-03-18-82	Small (0 < X <= 0.01)	Single (0 < X <= 1)	X2020.03.18.82	Control0082_BM_Tcells	Control0082	Normal	 Bone marrow mononuclear cells (BMMCs)	male	Fresh frozen	CD4+ central memory T (CD4+ TCM)	mononuclear cells	5' Chromium Single Cell	CellRanger v.5.0	19 years	Unassigned	Unassigned	Unassigned	Unassigned	Unassigned	Unassigned	Unassigned	Unassigned	Control young	Aspirate	Normal	GRCh38	enriched using a pan T-cell isolation kit/sorted for live CD45+CD3+ cells	True	naive / central memory T cells	-3.1764672	0.52129495
GACGGCTAGTTCCACA-1	1645.0	749.0	0.038297873	2020-03-18-82	Large (0.01 < X <= 0.1)	Large (20 < X <= 100)	X2020.03.18.82	Control0082_BM_Tcells	Control0082	Normal	 Bone marrow mononuclear cells (BMMCs)	male	Fresh frozen	Gamma-delta T cell (gd T)	mononuclear cells	5' Chromium Single Cell	CellRanger v.5.0	19 years	Unassigned	Unassigned	Unassigned	Unassigned	Unassigned	Unassigned	Unassigned	Unassigned	Control young	Aspirate	Normal	GRCh38	enriched using a pan T-cell isolation kit/sorted for live CD45+CD3+ cells	True	terminal effector T cells	3.8536584	-1.3131346
GACGGCTCAGGAACGT-1	2248.0	908.0	0.022686834	2020-03-18-82	Small (0 < X <= 0.01)	Single (0 < X <= 1)	X2020.03.18.82	Control0082_BM_Tcells	Control0082	Normal	 Bone marrow mononuclear cells (BMMCs)	male	Fresh frozen	Gamma-delta T cell (gd T)	mononuclear cells	5' Chromium Single Cell	CellRanger v.5.0	19 years	Unassigned	Unassigned	Unassigned	Unassigned	Unassigned	Unassigned	Unassigned	Unassigned	Control young	Aspirate	Normal	GRCh38	enriched using a pan T-cell isolation kit/sorted for live CD45+CD3+ cells	True	terminal effector T cells	-5.7343817	-0.8717996
GACGGCTGTGACAAAT-1	1689.0	777.0	0.0047365306	2020-03-18-82	Small (0 < X <= 0.01)	Small (1 < X <= 5)	X2020.03.18.82	Control0082_BM_Tcells	Control0082	Normal	 Bone marrow mononuclear cells (BMMCs)	male	Fresh frozen	CD8+ tissue-resident memory T (TRM)	mononuclear cells	5' Chromium Single Cell	CellRanger v.5.0	19 years	Unassigned	Unassigned	Unassigned	Unassigned	Unassigned	Unassigned	Unassigned	Unassigned	Control young	Aspirate	Normal	GRCh38	enriched using a pan T-cell isolation kit/sorted for live CD45+CD3+ cells	True	transitional T cells	-4.798371	-1.4512881
GACGTGCCAGATGAGC-1	4102.0	1627.0	0.027547538	2020-03-18-82	Small (0 < X <= 0.01)	Single (0 < X <= 1)	X2020.03.18.82	Control0082_BM_Tcells	Control0082	Normal	 Bone marrow mononuclear cells (BMMCs)	male	Fresh frozen	Gamma-delta T cell (gd T)	mononuclear cells	5' Chromium Single Cell	CellRanger v.5.0	19 years	Unassigned	Unassigned	Unassigned	Unassigned	Unassigned	Unassigned	Unassigned	Unassigned	Control young	Aspirate	Normal	GRCh38	enriched using a pan T-cell isolation kit/sorted for live CD45+CD3+ cells	True	terminal effector T cells	0.94974256	2.6219113
GACGTGCGTTGGTAAA-1	1824.0	815.0	0.014802632	2020-03-18-82	Small (0 < X <= 0.01)	Single (0 < X <= 1)	X2020.03.18.82	Control0082_BM_Tcells	Control0082	Normal	 Bone marrow mononuclear cells (BMMCs)	male	Fresh frozen	CD8+ Naive	mononuclear cells	5' Chromium Single Cell	CellRanger v.5.0	19 years	Unassigned	Unassigned	Unassigned	Unassigned	Unassigned	Unassigned	Unassigned	Unassigned	Control young	Aspirate	Normal	GRCh38	enriched using a pan T-cell isolation kit/sorted for live CD45+CD3+ cells	True	naive / central memory T cells	-4.099415	-2.422587
GACGTTAAGCCACGCT-1	1620.0	660.0	0.0129629625	2020-03-18-82	Large (0.01 < X <= 0.1)	Medium (5 < X <= 20)	X2020.03.18.82	Control0082_BM_Tcells	Control0082	Normal	 Bone marrow mononuclear cells (BMMCs)	male	Fresh frozen	CD8+ tissue-resident memory T (TRM)	mononuclear cells	5' Chromium Single Cell	CellRanger v.5.0	19 years	Unassigned	Unassigned	Unassigned	Unassigned	Unassigned	Unassigned	Unassigned	Unassigned	Control young	Aspirate	Normal	GRCh38	enriched using a pan T-cell isolation kit/sorted for live CD45+CD3+ cells	True	transitional T cells	1.4212184	0.9450316
GACTAACAGACAGAGA-1	3324.0	1272.0	0.012635379	2020-03-18-82	Small (0 < X <= 0.01)	Single (0 < X <= 1)	X2020.03.18.82	Control0082_BM_Tcells	Control0082	Normal	 Bone marrow mononuclear cells (BMMCs)	male	Fresh frozen	CD4+ central memory T (CD4+ TCM)	mononuclear cells	5' Chromium Single Cell	CellRanger v.5.0	19 years	Unassigned	Unassigned	Unassigned	Unassigned	Unassigned	Unassigned	Unassigned	Unassigned	Control young	Aspirate	Normal	GRCh38	enriched using a pan T-cell isolation kit/sorted for live CD45+CD3+ cells	True	naive / central memory T cells	-5.2625484	2.7740934
GACTAACAGGCCCTCA-1	1758.0	840.0	0.029579068	2020-03-18-82	Small (0 < X <= 0.01)	Single (0 < X <= 1)	X2020.03.18.82	Control0082_BM_Tcells	Control0082	Normal	 Bone marrow mononuclear cells (BMMCs)	male	Fresh frozen	CD8+ Naive	mononuclear cells	5' Chromium Single Cell	CellRanger v.5.0	19 years	Unassigned	Unassigned	Unassigned	Unassigned	Unassigned	Unassigned	Unassigned	Unassigned	Control young	Aspirate	Normal	GRCh38	enriched using a pan T-cell isolation kit/sorted for live CD45+CD3+ cells	True	naive / central memory T cells	-3.4232717	-2.7133024
GACTAACCAGTTAACC-1	2219.0	998.0	0.021631366	2020-03-18-82	Small (0 < X <= 0.01)	Single (0 < X <= 1)	X2020.03.18.82	Control0082_BM_Tcells	Control0082	Normal	 Bone marrow mononuclear cells (BMMCs)	male	Fresh frozen	CD8+ GZMK+	mononuclear cells	5' Chromium Single Cell	CellRanger v.5.0	19 years	Unassigned	Unassigned	Unassigned	Unassigned	Unassigned	Unassigned	Unassigned	Unassigned	Control young	Aspirate	Normal	GRCh38	enriched using a pan T-cell isolation kit/sorted for live CD45+CD3+ cells	True	terminal effector T cells	2.6629047	0.7569376
GACTAACCATGCCACG-1	2384.0	999.0	0.031879194	2020-03-18-82	Small (0 < X <= 0.01)	Single (0 < X <= 1)	X2020.03.18.82	Control0082_BM_Tcells	Control0082	Normal	 Bone marrow mononuclear cells (BMMCs)	male	Fresh frozen	Gamma-delta T cell (gd T)	mononuclear cells	5' Chromium Single Cell	CellRanger v.5.0	19 years	Unassigned	Unassigned	Unassigned	Unassigned	Unassigned	Unassigned	Unassigned	Unassigned	Control young	Aspirate	Normal	GRCh38	enriched using a pan T-cell isolation kit/sorted for live CD45+CD3+ cells	True	terminal effector T cells	-2.6319482	-2.7406714
GACTACAAGCCAGTTT-1	2982.0	1245.0	0.02414487	2020-03-18-82	Small (0 < X <= 0.01)	Single (0 < X <= 1)	X2020.03.18.82	Control0082_BM_Tcells	Control0082	Normal	 Bone marrow mononuclear cells (BMMCs)	male	Fresh frozen	CD8+ NK-like	mononuclear cells	5' Chromium Single Cell	CellRanger v.5.0	19 years	Unassigned	Unassigned	Unassigned	Unassigned	Unassigned	Unassigned	Unassigned	Unassigned	Control young	Aspirate	Normal	GRCh38	enriched using a pan T-cell isolation kit/sorted for live CD45+CD3+ cells	True	terminal effector T cells	6.254175	-1.1919597
GACTACACAGTTCCCT-1	2004.0	911.0	0.058383234	2020-03-18-82	Small (0 < X <= 0.01)	Single (0 < X <= 1)	X2020.03.18.82	Control0082_BM_Tcells	Control0082	Normal	 Bone marrow mononuclear cells (BMMCs)	male	Fresh frozen	CD8+ GZMK+	mononuclear cells	5' Chromium Single Cell	CellRanger v.5.0	19 years	Unassigned	Unassigned	Unassigned	Unassigned	Unassigned	Unassigned	Unassigned	Unassigned	Control young	Aspirate	Normal	GRCh38	enriched using a pan T-cell isolation kit/sorted for live CD45+CD3+ cells	True	terminal effector T cells	1.5363951	0.24701859
GACTACACATAGAAAC-1	2037.0	995.0	0.0490918	2020-03-18-82	Small (0 < X <= 0.01)	Single (0 < X <= 1)	X2020.03.18.82	Control0082_BM_Tcells	Control0082	Normal	 Bone marrow mononuclear cells (BMMCs)	male	Fresh frozen	CD8+ tissue-resident memory T (TRM)	mononuclear cells	5' Chromium Single Cell	CellRanger v.5.0	19 years	Unassigned	Unassigned	Unassigned	Unassigned	Unassigned	Unassigned	Unassigned	Unassigned	Control young	Aspirate	Normal	GRCh38	enriched using a pan T-cell isolation kit/sorted for live CD45+CD3+ cells	True	transitional T cells	-1.8088065	0.59213436
GACTGCGAGAGACGAA-1	2135.0	909.0	0.026229508	2020-03-18-82	Small (0 < X <= 0.01)	Single (0 < X <= 1)	X2020.03.18.82	Control0082_BM_Tcells	Control0082	Normal	 Bone marrow mononuclear cells (BMMCs)	male	Fresh frozen	CD4+ Naive	mononuclear cells	5' Chromium Single Cell	CellRanger v.5.0	19 years	Unassigned	Unassigned	Unassigned	Unassigned	Unassigned	Unassigned	Unassigned	Unassigned	Control young	Aspirate	Normal	GRCh38	enriched using a pan T-cell isolation kit/sorted for live CD45+CD3+ cells	True	naive / central memory T cells	-5.608304	0.037000842
GACTGCGAGGCAAAGA-1	2760.0	1114.0	0.022826087	2020-03-18-82	Small (0 < X <= 0.01)	Single (0 < X <= 1)	X2020.03.18.82	Control0082_BM_Tcells	Control0082	Normal	 Bone marrow mononuclear cells (BMMCs)	male	Fresh frozen	Gamma-delta T cell (gd T)	mononuclear cells	5' Chromium Single Cell	CellRanger v.5.0	19 years	Unassigned	Unassigned	Unassigned	Unassigned	Unassigned	Unassigned	Unassigned	Unassigned	Control young	Aspirate	Normal	GRCh38	enriched using a pan T-cell isolation kit/sorted for live CD45+CD3+ cells	True	terminal effector T cells	-1.627429	4.208978
GACTGCGTCCGCGTTT-1	2587.0	1155.0	0.022806339	2020-03-18-82	Small (0 < X <= 0.01)	Single (0 < X <= 1)	X2020.03.18.82	Control0082_BM_Tcells	Control0082	Normal	 Bone marrow mononuclear cells (BMMCs)	male	Fresh frozen	CD8+ NK-like	mononuclear cells	5' Chromium Single Cell	CellRanger v.5.0	19 years	Unassigned	Unassigned	Unassigned	Unassigned	Unassigned	Unassigned	Unassigned	Unassigned	Control young	Aspirate	Normal	GRCh38	enriched using a pan T-cell isolation kit/sorted for live CD45+CD3+ cells	True	terminal effector T cells	5.562564	-1.8965939
GAGCAGAAGACGCTTT-1	1475.0	703.0	0.038644068	2020-03-18-82	Small (0 < X <= 0.01)	Small (1 < X <= 5)	X2020.03.18.82	Control0082_BM_Tcells	Control0082	Normal	 Bone marrow mononuclear cells (BMMCs)	male	Fresh frozen	CD8+ GZMK+	mononuclear cells	5' Chromium Single Cell	CellRanger v.5.0	19 years	Unassigned	Unassigned	Unassigned	Unassigned	Unassigned	Unassigned	Unassigned	Unassigned	Control young	Aspirate	Normal	GRCh38	enriched using a pan T-cell isolation kit/sorted for live CD45+CD3+ cells	True	terminal effector T cells	3.5972283	-1.3843948
GAGGTGAAGGATTCGG-1	4588.0	1460.0	0.016129032	2020-03-18-82	Small (0 < X <= 0.01)	Single (0 < X <= 1)	X2020.03.18.82	Control0082_BM_Tcells	Control0082	Normal	 Bone marrow mononuclear cells (BMMCs)	male	Fresh frozen	Gamma-delta T cell (gd T)	mononuclear cells	5' Chromium Single Cell	CellRanger v.5.0	19 years	Unassigned	Unassigned	Unassigned	Unassigned	Unassigned	Unassigned	Unassigned	Unassigned	Control young	Aspirate	Normal	GRCh38	enriched using a pan T-cell isolation kit/sorted for live CD45+CD3+ cells	True	terminal effector T cells	2.7326999	-3.352189
GAGGTGACAAGTTCTG-1	1310.0	662.0	0.039694656	2020-03-18-82	Small (0 < X <= 0.01)	Single (0 < X <= 1)	X2020.03.18.82	Control0082_BM_Tcells	Control0082	Normal	 Bone marrow mononuclear cells (BMMCs)	male	Fresh frozen	CD8+ Naive	mononuclear cells	5' Chromium Single Cell	CellRanger v.5.0	19 years	Unassigned	Unassigned	Unassigned	Unassigned	Unassigned	Unassigned	Unassigned	Unassigned	Control young	Aspirate	Normal	GRCh38	enriched using a pan T-cell isolation kit/sorted for live CD45+CD3+ cells	True	naive / central memory T cells	-4.062014	-1.960564
GAGGTGACAGTCGATT-1	1599.0	807.0	0.04252658	2020-03-18-82	Small (0 < X <= 0.01)	Single (0 < X <= 1)	X2020.03.18.82	Control0082_BM_Tcells	Control0082	Normal	 Bone marrow mononuclear cells (BMMCs)	male	Fresh frozen	CD8+ tissue-resident memory T (TRM)	mononuclear cells	5' Chromium Single Cell	CellRanger v.5.0	19 years	Unassigned	Unassigned	Unassigned	Unassigned	Unassigned	Unassigned	Unassigned	Unassigned	Control young	Aspirate	Normal	GRCh38	enriched using a pan T-cell isolation kit/sorted for live CD45+CD3+ cells	True	transitional T cells	-0.050082576	-0.070471995
GAGTCCGTCAGATAAG-1	3510.0	1552.0	0.031623933	2020-03-18-82	Small (0 < X <= 0.01)	Single (0 < X <= 1)	X2020.03.18.82	Control0082_BM_Tcells	Control0082	Normal	 Bone marrow mononuclear cells (BMMCs)	male	Fresh frozen	CD8+ NK-like	mononuclear cells	5' Chromium Single Cell	CellRanger v.5.0	19 years	Unassigned	Unassigned	Unassigned	Unassigned	Unassigned	Unassigned	Unassigned	Unassigned	Control young	Aspirate	Normal	GRCh38	enriched using a pan T-cell isolation kit/sorted for live CD45+CD3+ cells	True	terminal effector T cells	6.199103	-0.03950285
GAGTCCGTCCGTTGTC-1	2030.0	930.0	0.027586207	2020-03-18-82	Small (0 < X <= 0.01)	Single (0 < X <= 1)	X2020.03.18.82	Control0082_BM_Tcells	Control0082	Normal	 Bone marrow mononuclear cells (BMMCs)	male	Fresh frozen	CD8+ GZMK+	mononuclear cells	5' Chromium Single Cell	CellRanger v.5.0	19 years	Unassigned	Unassigned	Unassigned	Unassigned	Unassigned	Unassigned	Unassigned	Unassigned	Control young	Aspirate	Normal	GRCh38	enriched using a pan T-cell isolation kit/sorted for live CD45+CD3+ cells	True	terminal effector T cells	3.1616375	0.6432709
GATCAGTAGGAGTACC-1	1988.0	890.0	0.041247483	2020-03-18-82	Small (0 < X <= 0.01)	Single (0 < X <= 1)	X2020.03.18.82	Control0082_BM_Tcells	Control0082	Normal	 Bone marrow mononuclear cells (BMMCs)	male	Fresh frozen	Gamma-delta T cell (gd T)	mononuclear cells	5' Chromium Single Cell	CellRanger v.5.0	19 years	Unassigned	Unassigned	Unassigned	Unassigned	Unassigned	Unassigned	Unassigned	Unassigned	Control young	Aspirate	Normal	GRCh38	enriched using a pan T-cell isolation kit/sorted for live CD45+CD3+ cells	True	terminal effector T cells	5.248067	-1.7370607
GATCGATGTCTCTCGT-1	1258.0	631.0	0.033386327	2020-03-18-82	Large (0.01 < X <= 0.1)	Large (20 < X <= 100)	X2020.03.18.82	Control0082_BM_Tcells	Control0082	Normal	 Bone marrow mononuclear cells (BMMCs)	male	Fresh frozen	CD8+ Cytotoxic	mononuclear cells	5' Chromium Single Cell	CellRanger v.5.0	19 years	Unassigned	Unassigned	Unassigned	Unassigned	Unassigned	Unassigned	Unassigned	Unassigned	Control young	Aspirate	Normal	GRCh38	enriched using a pan T-cell isolation kit/sorted for live CD45+CD3+ cells	True	terminal effector T cells	4.6996837	-0.31817818
GATCTAGCACGCATCG-1	2448.0	1125.0	0.039624184	2020-03-18-82	Small (0 < X <= 0.01)	Small (1 < X <= 5)	X2020.03.18.82	Control0082_BM_Tcells	Control0082	Normal	 Bone marrow mononuclear cells (BMMCs)	male	Fresh frozen	CD8+ NK-like	mononuclear cells	5' Chromium Single Cell	CellRanger v.5.0	19 years	Unassigned	Unassigned	Unassigned	Unassigned	Unassigned	Unassigned	Unassigned	Unassigned	Control young	Aspirate	Normal	GRCh38	enriched using a pan T-cell isolation kit/sorted for live CD45+CD3+ cells	True	terminal effector T cells	5.6733713	0.69001645
GATCTAGGTCCAGTGC-1	1442.0	725.0	0.01664355	2020-03-18-82	Small (0 < X <= 0.01)	Single (0 < X <= 1)	X2020.03.18.82	Control0082_BM_Tcells	Control0082	Normal	 Bone marrow mononuclear cells (BMMCs)	male	Fresh frozen	CD8+ Naive	mononuclear cells	5' Chromium Single Cell	CellRanger v.5.0	19 years	Unassigned	Unassigned	Unassigned	Unassigned	Unassigned	Unassigned	Unassigned	Unassigned	Control young	Aspirate	Normal	GRCh38	enriched using a pan T-cell isolation kit/sorted for live CD45+CD3+ cells	True	naive / central memory T cells	-4.083502	-2.0726929
GATGAAAAGGCCCTTG-1	3953.0	1534.0	0.031874526	2020-03-18-82	Small (0 < X <= 0.01)	Single (0 < X <= 1)	X2020.03.18.82	Control0082_BM_Tcells	Control0082	Normal	 Bone marrow mononuclear cells (BMMCs)	male	Fresh frozen	Gamma-delta T cell (gd T)	mononuclear cells	5' Chromium Single Cell	CellRanger v.5.0	19 years	Unassigned	Unassigned	Unassigned	Unassigned	Unassigned	Unassigned	Unassigned	Unassigned	Control young	Aspirate	Normal	GRCh38	enriched using a pan T-cell isolation kit/sorted for live CD45+CD3+ cells	True	terminal effector T cells	6.794343	-1.1372555
GATGAGGCAAACTGTC-1	2312.0	1006.0	0.03416955	2020-03-18-82	Small (0 < X <= 0.01)	Medium (5 < X <= 20)	X2020.03.18.82	Control0082_BM_Tcells	Control0082	Normal	 Bone marrow mononuclear cells (BMMCs)	male	Fresh frozen	Gamma-delta T cell (gd T)	mononuclear cells	5' Chromium Single Cell	CellRanger v.5.0	19 years	Unassigned	Unassigned	Unassigned	Unassigned	Unassigned	Unassigned	Unassigned	Unassigned	Control young	Aspirate	Normal	GRCh38	enriched using a pan T-cell isolation kit/sorted for live CD45+CD3+ cells	True	terminal effector T cells	3.3166947	-0.91526556
GATGAGGCATGGTCAT-1	2441.0	1108.0	0.034412127	2020-03-18-82	Small (0 < X <= 0.01)	Single (0 < X <= 1)	X2020.03.18.82	Control0082_BM_Tcells	Control0082	Normal	 Bone marrow mononuclear cells (BMMCs)	male	Fresh frozen	CD8+ NK-like	mononuclear cells	5' Chromium Single Cell	CellRanger v.5.0	19 years	Unassigned	Unassigned	Unassigned	Unassigned	Unassigned	Unassigned	Unassigned	Unassigned	Control young	Aspirate	Normal	GRCh38	enriched using a pan T-cell isolation kit/sorted for live CD45+CD3+ cells	True	terminal effector T cells	6.3551836	-0.74724793
GATGAGGGTGCATCTA-1	2128.0	1048.0	0.05592105	2020-03-18-82	Small (0 < X <= 0.01)	Single (0 < X <= 1)	X2020.03.18.82	Control0082_BM_Tcells	Control0082	Normal	 Bone marrow mononuclear cells (BMMCs)	male	Fresh frozen	CD8+ Cytotoxic	mononuclear cells	5' Chromium Single Cell	CellRanger v.5.0	19 years	Unassigned	Unassigned	Unassigned	Unassigned	Unassigned	Unassigned	Unassigned	Unassigned	Control young	Aspirate	Normal	GRCh38	enriched using a pan T-cell isolation kit/sorted for live CD45+CD3+ cells	True	terminal effector T cells	6.792606	-3.3660874
GATGAGGGTTTAGCTG-1	2205.0	946.0	0.03446712	2020-03-18-82	Small (0 < X <= 0.01)	Small (1 < X <= 5)	X2020.03.18.82	Control0082_BM_Tcells	Control0082	Normal	 Bone marrow mononuclear cells (BMMCs)	male	Fresh frozen	CD8+ Cytotoxic	mononuclear cells	5' Chromium Single Cell	CellRanger v.5.0	19 years	Unassigned	Unassigned	Unassigned	Unassigned	Unassigned	Unassigned	Unassigned	Unassigned	Control young	Aspirate	Normal	GRCh38	enriched using a pan T-cell isolation kit/sorted for live CD45+CD3+ cells	True	terminal effector T cells	7.3222513	-3.7229238
GATGAGGTCTGGTATG-1	2109.0	909.0	0.016121384	2020-03-18-82	Small (0 < X <= 0.01)	Single (0 < X <= 1)	X2020.03.18.82	Control0082_BM_Tcells	Control0082	Normal	 Bone marrow mononuclear cells (BMMCs)	male	Fresh frozen	CD8+ NK-like	mononuclear cells	5' Chromium Single Cell	CellRanger v.5.0	19 years	Unassigned	Unassigned	Unassigned	Unassigned	Unassigned	Unassigned	Unassigned	Unassigned	Control young	Aspirate	Normal	GRCh38	enriched using a pan T-cell isolation kit/sorted for live CD45+CD3+ cells	True	terminal effector T cells	5.4758005	0.89070165
GATGCTAAGACACGAC-1	2141.0	989.0	0.088276505	2020-03-18-82	Small (0 < X <= 0.01)	Single (0 < X <= 1)	X2020.03.18.82	Control0082_BM_Tcells	Control0082	Normal	 Bone marrow mononuclear cells (BMMCs)	male	Fresh frozen	CD8+ tissue-resident memory T (TRM)	mononuclear cells	5' Chromium Single Cell	CellRanger v.5.0	19 years	Unassigned	Unassigned	Unassigned	Unassigned	Unassigned	Unassigned	Unassigned	Unassigned	Control young	Aspirate	Normal	GRCh38	enriched using a pan T-cell isolation kit/sorted for live CD45+CD3+ cells	True	transitional T cells	0.61570305	1.983175
GATGCTAAGGTGATTA-1	1539.0	773.0	0.06822612	2020-03-18-82	Large (0.01 < X <= 0.1)	Large (20 < X <= 100)	X2020.03.18.82	Control0082_BM_Tcells	Control0082	Normal	 Bone marrow mononuclear cells (BMMCs)	male	Fresh frozen	CD8+ GZMK+	mononuclear cells	5' Chromium Single Cell	CellRanger v.5.0	19 years	Unassigned	Unassigned	Unassigned	Unassigned	Unassigned	Unassigned	Unassigned	Unassigned	Control young	Aspirate	Normal	GRCh38	enriched using a pan T-cell isolation kit/sorted for live CD45+CD3+ cells	True	terminal effector T cells	3.5223596	0.29033458
GATGCTACATAGACTC-1	1609.0	859.0	0.085146055	2020-03-18-82	Small (0 < X <= 0.01)	Single (0 < X <= 1)	X2020.03.18.82	Control0082_BM_Tcells	Control0082	Normal	 Bone marrow mononuclear cells (BMMCs)	male	Fresh frozen	CD4+ Naive	mononuclear cells	5' Chromium Single Cell	CellRanger v.5.0	19 years	Unassigned	Unassigned	Unassigned	Unassigned	Unassigned	Unassigned	Unassigned	Unassigned	Control young	Aspirate	Normal	GRCh38	enriched using a pan T-cell isolation kit/sorted for live CD45+CD3+ cells	True	naive / central memory T cells	-3.1479115	0.7720087
GATGCTAGTTGAGGTG-1	1657.0	775.0	0.05974653	2020-03-18-82	Small (0 < X <= 0.01)	Single (0 < X <= 1)	X2020.03.18.82	Control0082_BM_Tcells	Control0082	Normal	 Bone marrow mononuclear cells (BMMCs)	male	Fresh frozen	CD8+ GZMK+	mononuclear cells	5' Chromium Single Cell	CellRanger v.5.0	19 years	Unassigned	Unassigned	Unassigned	Unassigned	Unassigned	Unassigned	Unassigned	Unassigned	Control young	Aspirate	Normal	GRCh38	enriched using a pan T-cell isolation kit/sorted for live CD45+CD3+ cells	True	terminal effector T cells	1.1420645	0.6223735
GATGCTATCCAACCAA-1	2346.0	958.0	0.018755328	2020-03-18-82	Small (0 < X <= 0.01)	Single (0 < X <= 1)	X2020.03.18.82	Control0082_BM_Tcells	Control0082	Normal	 Bone marrow mononuclear cells (BMMCs)	male	Fresh frozen	CD8+ Naive	mononuclear cells	5' Chromium Single Cell	CellRanger v.5.0	19 years	Unassigned	Unassigned	Unassigned	Unassigned	Unassigned	Unassigned	Unassigned	Unassigned	Control young	Aspirate	Normal	GRCh38	enriched using a pan T-cell isolation kit/sorted for live CD45+CD3+ cells	True	naive / central memory T cells	-3.0321505	-2.4765203
GATGCTATCTGCCCTA-1	1708.0	881.0	0.028688524	2020-03-18-82	Small (0 < X <= 0.01)	Small (1 < X <= 5)	X2020.03.18.82	Control0082_BM_Tcells	Control0082	Normal	 Bone marrow mononuclear cells (BMMCs)	male	Fresh frozen	CD8+ GZMK+	mononuclear cells	5' Chromium Single Cell	CellRanger v.5.0	19 years	Unassigned	Unassigned	Unassigned	Unassigned	Unassigned	Unassigned	Unassigned	Unassigned	Control young	Aspirate	Normal	GRCh38	enriched using a pan T-cell isolation kit/sorted for live CD45+CD3+ cells	True	terminal effector T cells	3.71599	-0.55529296
GATTCAGGTTCTGGTA-1	1858.0	841.0	0.027987083	2020-03-18-82	Small (0 < X <= 0.01)	Single (0 < X <= 1)	X2020.03.18.82	Control0082_BM_Tcells	Control0082	Normal	 Bone marrow mononuclear cells (BMMCs)	male	Fresh frozen	CD8+ GZMK+	mononuclear cells	5' Chromium Single Cell	CellRanger v.5.0	19 years	Unassigned	Unassigned	Unassigned	Unassigned	Unassigned	Unassigned	Unassigned	Unassigned	Control young	Aspirate	Normal	GRCh38	enriched using a pan T-cell isolation kit/sorted for live CD45+CD3+ cells	True	terminal effector T cells	1.0105835	1.1324236
GATTCAGTCCTCAACC-1	1739.0	848.0	0.021851638	2020-03-18-82	Large (0.01 < X <= 0.1)	Large (20 < X <= 100)	X2020.03.18.82	Control0082_BM_Tcells	Control0082	Normal	 Bone marrow mononuclear cells (BMMCs)	male	Fresh frozen	CD8+ GZMK+	mononuclear cells	5' Chromium Single Cell	CellRanger v.5.0	19 years	Unassigned	Unassigned	Unassigned	Unassigned	Unassigned	Unassigned	Unassigned	Unassigned	Control young	Aspirate	Normal	GRCh38	enriched using a pan T-cell isolation kit/sorted for live CD45+CD3+ cells	True	terminal effector T cells	2.820114	-0.816049
GCAAACTGTGCAACGA-1	2416.0	1028.0	0.029387416	2020-03-18-82	Small (0 < X <= 0.01)	Single (0 < X <= 1)	X2020.03.18.82	Control0082_BM_Tcells	Control0082	Normal	 Bone marrow mononuclear cells (BMMCs)	male	Fresh frozen	CD8+ Cytotoxic	mononuclear cells	5' Chromium Single Cell	CellRanger v.5.0	19 years	Unassigned	Unassigned	Unassigned	Unassigned	Unassigned	Unassigned	Unassigned	Unassigned	Control young	Aspirate	Normal	GRCh38	enriched using a pan T-cell isolation kit/sorted for live CD45+CD3+ cells	True	terminal effector T cells	3.9381452	0.038379975
GCAATCACAGGTTTCA-1	1907.0	913.0	0.054011535	2020-03-18-82	Small (0 < X <= 0.01)	Single (0 < X <= 1)	X2020.03.18.82	Control0082_BM_Tcells	Control0082	Normal	 Bone marrow mononuclear cells (BMMCs)	male	Fresh frozen	CD8+ GZMK+	mononuclear cells	5' Chromium Single Cell	CellRanger v.5.0	19 years	Unassigned	Unassigned	Unassigned	Unassigned	Unassigned	Unassigned	Unassigned	Unassigned	Control young	Aspirate	Normal	GRCh38	enriched using a pan T-cell isolation kit/sorted for live CD45+CD3+ cells	True	terminal effector T cells	2.5553424	0.7243315
GCAATCATCTACTTAC-1	2140.0	1089.0	0.06495327	2020-03-18-82	Small (0 < X <= 0.01)	Single (0 < X <= 1)	X2020.03.18.82	Control0082_BM_Tcells	Control0082	Normal	 Bone marrow mononuclear cells (BMMCs)	male	Fresh frozen	Mucosal-associated invariant T (MAIT)	mononuclear cells	5' Chromium Single Cell	CellRanger v.5.0	19 years	Unassigned	Unassigned	Unassigned	Unassigned	Unassigned	Unassigned	Unassigned	Unassigned	Control young	Aspirate	Normal	GRCh38	enriched using a pan T-cell isolation kit/sorted for live CD45+CD3+ cells	True	transitional T cells	-0.612761	3.8464615
GCACATACATTAGCCA-1	4477.0	1369.0	0.02613357	2020-03-18-82	Small (0 < X <= 0.01)	Single (0 < X <= 1)	X2020.03.18.82	Control0082_BM_Tcells	Control0082	Normal	 Bone marrow mononuclear cells (BMMCs)	male	Fresh frozen	CD4+ central memory T (CD4+ TCM)	mononuclear cells	5' Chromium Single Cell	CellRanger v.5.0	19 years	Unassigned	Unassigned	Unassigned	Unassigned	Unassigned	Unassigned	Unassigned	Unassigned	Control young	Aspirate	Normal	GRCh38	enriched using a pan T-cell isolation kit/sorted for live CD45+CD3+ cells	True	naive / central memory T cells	-5.7467136	1.3038837
GCACATAGTGTATGGG-1	2448.0	940.0	0.008169935	2020-03-18-82	Small (0 < X <= 0.01)	Single (0 < X <= 1)	X2020.03.18.82	Control0082_BM_Tcells	Control0082	Normal	 Bone marrow mononuclear cells (BMMCs)	male	Fresh frozen	CD8+ Naive	mononuclear cells	5' Chromium Single Cell	CellRanger v.5.0	19 years	Unassigned	Unassigned	Unassigned	Unassigned	Unassigned	Unassigned	Unassigned	Unassigned	Control young	Aspirate	Normal	GRCh38	enriched using a pan T-cell isolation kit/sorted for live CD45+CD3+ cells	True	naive / central memory T cells	-4.862317	-2.8655448
GCAGCCATCGACCAGC-1	2150.0	913.0	0.0111627905	2020-03-18-82	Small (0 < X <= 0.01)	Single (0 < X <= 1)	X2020.03.18.82	Control0082_BM_Tcells	Control0082	Normal	 Bone marrow mononuclear cells (BMMCs)	male	Fresh frozen	CD4+ central memory T (CD4+ TCM)	mononuclear cells	5' Chromium Single Cell	CellRanger v.5.0	19 years	Unassigned	Unassigned	Unassigned	Unassigned	Unassigned	Unassigned	Unassigned	Unassigned	Control young	Aspirate	Normal	GRCh38	enriched using a pan T-cell isolation kit/sorted for live CD45+CD3+ cells	True	naive / central memory T cells	-5.7487445	1.796127
GCAGTTAAGCGTTCCG-1	2568.0	1019.0	0.010124611	2020-03-18-82	Small (0 < X <= 0.01)	Single (0 < X <= 1)	X2020.03.18.82	Control0082_BM_Tcells	Control0082	Normal	 Bone marrow mononuclear cells (BMMCs)	male	Fresh frozen	CD4+ Naive	mononuclear cells	5' Chromium Single Cell	CellRanger v.5.0	19 years	Unassigned	Unassigned	Unassigned	Unassigned	Unassigned	Unassigned	Unassigned	Unassigned	Control young	Aspirate	Normal	GRCh38	enriched using a pan T-cell isolation kit/sorted for live CD45+CD3+ cells	True	naive / central memory T cells	-5.737239	-0.28284192
GCAGTTATCCGTTGCT-1	1529.0	707.0	0.018966645	2020-03-18-82	Small (0 < X <= 0.01)	Small (1 < X <= 5)	X2020.03.18.82	Control0082_BM_Tcells	Control0082	Normal	 Bone marrow mononuclear cells (BMMCs)	male	Fresh frozen	CD8+ GZMK+	mononuclear cells	5' Chromium Single Cell	CellRanger v.5.0	19 years	Unassigned	Unassigned	Unassigned	Unassigned	Unassigned	Unassigned	Unassigned	Unassigned	Control young	Aspirate	Normal	GRCh38	enriched using a pan T-cell isolation kit/sorted for live CD45+CD3+ cells	True	terminal effector T cells	1.592574	0.7416491
GCATACAGTGGCCCTA-1	1937.0	939.0	0.016520392	2020-03-18-82	Small (0 < X <= 0.01)	Single (0 < X <= 1)	X2020.03.18.82	Control0082_BM_Tcells	Control0082	Normal	 Bone marrow mononuclear cells (BMMCs)	male	Fresh frozen	CD8+ Cytotoxic	mononuclear cells	5' Chromium Single Cell	CellRanger v.5.0	19 years	Unassigned	Unassigned	Unassigned	Unassigned	Unassigned	Unassigned	Unassigned	Unassigned	Control young	Aspirate	Normal	GRCh38	enriched using a pan T-cell isolation kit/sorted for live CD45+CD3+ cells	True	terminal effector T cells	7.4063435	-3.727829
GCATACATCGTGGGAA-1	3097.0	1284.0	0.02163384	2020-03-18-82	Small (0 < X <= 0.01)	Single (0 < X <= 1)	X2020.03.18.82	Control0082_BM_Tcells	Control0082	Normal	 Bone marrow mononuclear cells (BMMCs)	male	Fresh frozen	CD8+ Cytotoxic	mononuclear cells	5' Chromium Single Cell	CellRanger v.5.0	19 years	Unassigned	Unassigned	Unassigned	Unassigned	Unassigned	Unassigned	Unassigned	Unassigned	Control young	Aspirate	Normal	GRCh38	enriched using a pan T-cell isolation kit/sorted for live CD45+CD3+ cells	True	terminal effector T cells	7.68272	-3.943665
GCATGATAGACATAAC-1	1633.0	886.0	0.03919167	2020-03-18-82	Small (0 < X <= 0.01)	Small (1 < X <= 5)	X2020.03.18.82	Control0082_BM_Tcells	Control0082	Normal	 Bone marrow mononuclear cells (BMMCs)	male	Fresh frozen	CD8+ GZMK+	mononuclear cells	5' Chromium Single Cell	CellRanger v.5.0	19 years	Unassigned	Unassigned	Unassigned	Unassigned	Unassigned	Unassigned	Unassigned	Unassigned	Control young	Aspirate	Normal	GRCh38	enriched using a pan T-cell isolation kit/sorted for live CD45+CD3+ cells	True	terminal effector T cells	3.023864	0.030479738
GCATGATCAAAGCAAT-1	3090.0	1196.0	0.039805826	2020-03-18-82	Small (0 < X <= 0.01)	Single (0 < X <= 1)	X2020.03.18.82	Control0082_BM_Tcells	Control0082	Normal	 Bone marrow mononuclear cells (BMMCs)	male	Fresh frozen	CD8+ Cytotoxic	mononuclear cells	5' Chromium Single Cell	CellRanger v.5.0	19 years	Unassigned	Unassigned	Unassigned	Unassigned	Unassigned	Unassigned	Unassigned	Unassigned	Control young	Aspirate	Normal	GRCh38	enriched using a pan T-cell isolation kit/sorted for live CD45+CD3+ cells	True	terminal effector T cells	5.5854473	-2.9394498
GCCAAATCACAGAGGT-1	2268.0	1028.0	0.035714287	2020-03-18-82	Small (0 < X <= 0.01)	Single (0 < X <= 1)	X2020.03.18.82	Control0082_BM_Tcells	Control0082	Normal	 Bone marrow mononuclear cells (BMMCs)	male	Fresh frozen	CD8+ NK-like	mononuclear cells	5' Chromium Single Cell	CellRanger v.5.0	19 years	Unassigned	Unassigned	Unassigned	Unassigned	Unassigned	Unassigned	Unassigned	Unassigned	Control young	Aspirate	Normal	GRCh38	enriched using a pan T-cell isolation kit/sorted for live CD45+CD3+ cells	True	terminal effector T cells	7.7131047	-3.9434652
GCCAAATGTAAGCACG-1	3059.0	1163.0	0.0464204	2020-03-18-82	Small (0 < X <= 0.01)	Single (0 < X <= 1)	X2020.03.18.82	Control0082_BM_Tcells	Control0082	Normal	 Bone marrow mononuclear cells (BMMCs)	male	Fresh frozen	CD4+ Naive	mononuclear cells	5' Chromium Single Cell	CellRanger v.5.0	19 years	Unassigned	Unassigned	Unassigned	Unassigned	Unassigned	Unassigned	Unassigned	Unassigned	Control young	Aspirate	Normal	GRCh38	enriched using a pan T-cell isolation kit/sorted for live CD45+CD3+ cells	True	naive / central memory T cells	-6.626647	0.45417756
GCGAGAACACCGAAAG-1	2045.0	899.0	0.04400978	2020-03-18-82	Small (0 < X <= 0.01)	Single (0 < X <= 1)	X2020.03.18.82	Control0082_BM_Tcells	Control0082	Normal	 Bone marrow mononuclear cells (BMMCs)	male	Fresh frozen	CD8+ Cytotoxic	mononuclear cells	5' Chromium Single Cell	CellRanger v.5.0	19 years	Unassigned	Unassigned	Unassigned	Unassigned	Unassigned	Unassigned	Unassigned	Unassigned	Control young	Aspirate	Normal	GRCh38	enriched using a pan T-cell isolation kit/sorted for live CD45+CD3+ cells	True	terminal effector T cells	7.4830446	-3.6496096
GCGAGAACATATACGC-1	2040.0	995.0	0.015686275	2020-03-18-82	Small (0 < X <= 0.01)	Single (0 < X <= 1)	X2020.03.18.82	Control0082_BM_Tcells	Control0082	Normal	 Bone marrow mononuclear cells (BMMCs)	male	Fresh frozen	CD8+ NK-like	mononuclear cells	5' Chromium Single Cell	CellRanger v.5.0	19 years	Unassigned	Unassigned	Unassigned	Unassigned	Unassigned	Unassigned	Unassigned	Unassigned	Control young	Aspirate	Normal	GRCh38	enriched using a pan T-cell isolation kit/sorted for live CD45+CD3+ cells	True	terminal effector T cells	6.0383906	0.62968004
GCGAGAAGTCTGCGGT-1	1276.0	659.0	0.03448276	2020-03-18-82	Small (0 < X <= 0.01)	Small (1 < X <= 5)	X2020.03.18.82	Control0082_BM_Tcells	Control0082	Normal	 Bone marrow mononuclear cells (BMMCs)	male	Fresh frozen	CD8+ IFN+	mononuclear cells	5' Chromium Single Cell	CellRanger v.5.0	19 years	Unassigned	Unassigned	Unassigned	Unassigned	Unassigned	Unassigned	Unassigned	Unassigned	Control young	Aspirate	Normal	GRCh38	enriched using a pan T-cell isolation kit/sorted for live CD45+CD3+ cells	True	terminal effector T cells	8.28785	-1.3636566
GCGAGAAGTGAGCGAT-1	2363.0	949.0	0.03300889	2020-03-18-82	Small (0 < X <= 0.01)	Single (0 < X <= 1)	X2020.03.18.82	Control0082_BM_Tcells	Control0082	Normal	 Bone marrow mononuclear cells (BMMCs)	male	Fresh frozen	Mucosal-associated invariant T (MAIT)	mononuclear cells	5' Chromium Single Cell	CellRanger v.5.0	19 years	Unassigned	Unassigned	Unassigned	Unassigned	Unassigned	Unassigned	Unassigned	Unassigned	Control young	Aspirate	Normal	GRCh38	enriched using a pan T-cell isolation kit/sorted for live CD45+CD3+ cells	True	transitional T cells	-1.8525628	4.1343894
GCGCAGTGTAGCGCTC-1	1509.0	766.0	0.017229954	2020-03-18-82	Large (0.01 < X <= 0.1)	Medium (5 < X <= 20)	X2020.03.18.82	Control0082_BM_Tcells	Control0082	Normal	 Bone marrow mononuclear cells (BMMCs)	male	Fresh frozen	CD8+ GZMK+	mononuclear cells	5' Chromium Single Cell	CellRanger v.5.0	19 years	Unassigned	Unassigned	Unassigned	Unassigned	Unassigned	Unassigned	Unassigned	Unassigned	Control young	Aspirate	Normal	GRCh38	enriched using a pan T-cell isolation kit/sorted for live CD45+CD3+ cells	True	terminal effector T cells	2.5945923	0.12786962
GCGCCAAAGAGCCCAA-1	2226.0	966.0	0.019317161	2020-03-18-82	Small (0 < X <= 0.01)	Single (0 < X <= 1)	X2020.03.18.82	Control0082_BM_Tcells	Control0082	Normal	 Bone marrow mononuclear cells (BMMCs)	male	Fresh frozen	CD8+ Naive	mononuclear cells	5' Chromium Single Cell	CellRanger v.5.0	19 years	Unassigned	Unassigned	Unassigned	Unassigned	Unassigned	Unassigned	Unassigned	Unassigned	Control young	Aspirate	Normal	GRCh38	enriched using a pan T-cell isolation kit/sorted for live CD45+CD3+ cells	True	naive / central memory T cells	-3.9276998	-2.7978504
GCGCCAAAGCGCCTCA-1	3569.0	1365.0	0.04791258	2020-03-18-82	Small (0 < X <= 0.01)	Single (0 < X <= 1)	X2020.03.18.82	Control0082_BM_Tcells	Control0082	Normal	 Bone marrow mononuclear cells (BMMCs)	male	Fresh frozen	CD8+ NK-like	mononuclear cells	5' Chromium Single Cell	CellRanger v.5.0	19 years	Unassigned	Unassigned	Unassigned	Unassigned	Unassigned	Unassigned	Unassigned	Unassigned	Control young	Aspirate	Normal	GRCh38	enriched using a pan T-cell isolation kit/sorted for live CD45+CD3+ cells	True	terminal effector T cells	3.3974571	2.3184977
GCGCCAAGTAGCGATG-1	4163.0	1396.0	0.022099448	2020-03-18-82	Small (0 < X <= 0.01)	Single (0 < X <= 1)	X2020.03.18.82	Control0082_BM_Tcells	Control0082	Normal	 Bone marrow mononuclear cells (BMMCs)	male	Fresh frozen	Gamma-delta T cell (gd T)	mononuclear cells	5' Chromium Single Cell	CellRanger v.5.0	19 years	Unassigned	Unassigned	Unassigned	Unassigned	Unassigned	Unassigned	Unassigned	Unassigned	Control young	Aspirate	Normal	GRCh38	enriched using a pan T-cell isolation kit/sorted for live CD45+CD3+ cells	True	terminal effector T cells	-1.0610543	-0.038971476
GCGCCAAGTCTGATCA-1	3960.0	1574.0	0.018434344	2020-03-18-82	Large (0.01 < X <= 0.1)	Medium (5 < X <= 20)	X2020.03.18.82	Control0082_BM_Tcells	Control0082	Normal	 Bone marrow mononuclear cells (BMMCs)	male	Fresh frozen	Gamma-delta T cell (gd T)	mononuclear cells	5' Chromium Single Cell	CellRanger v.5.0	19 years	Unassigned	Unassigned	Unassigned	Unassigned	Unassigned	Unassigned	Unassigned	Unassigned	Control young	Aspirate	Normal	GRCh38	enriched using a pan T-cell isolation kit/sorted for live CD45+CD3+ cells	True	terminal effector T cells	5.9799504	-2.6007643
GCGCGATGTTACTGAC-1	2431.0	989.0	0.030440148	2020-03-18-82	Small (0 < X <= 0.01)	Small (1 < X <= 5)	X2020.03.18.82	Control0082_BM_Tcells	Control0082	Normal	 Bone marrow mononuclear cells (BMMCs)	male	Fresh frozen	Gamma-delta T cell (gd T)	mononuclear cells	5' Chromium Single Cell	CellRanger v.5.0	19 years	Unassigned	Unassigned	Unassigned	Unassigned	Unassigned	Unassigned	Unassigned	Unassigned	Control young	Aspirate	Normal	GRCh38	enriched using a pan T-cell isolation kit/sorted for live CD45+CD3+ cells	True	terminal effector T cells	-1.5401932	3.1264281
GCGGGTTAGTTAGGTA-1	1450.0	764.0	0.037931036	2020-03-18-82	Small (0 < X <= 0.01)	Single (0 < X <= 1)	X2020.03.18.82	Control0082_BM_Tcells	Control0082	Normal	 Bone marrow mononuclear cells (BMMCs)	male	Fresh frozen	Gamma-delta T cell (gd T)	mononuclear cells	5' Chromium Single Cell	CellRanger v.5.0	19 years	Unassigned	Unassigned	Unassigned	Unassigned	Unassigned	Unassigned	Unassigned	Unassigned	Control young	Aspirate	Normal	GRCh38	enriched using a pan T-cell isolation kit/sorted for live CD45+CD3+ cells	True	terminal effector T cells	7.0419006	-3.2797523
GCGGGTTCATATGCTG-1	1318.0	689.0	0.02427921	2020-03-18-82	Small (0 < X <= 0.01)	Small (1 < X <= 5)	X2020.03.18.82	Control0082_BM_Tcells	Control0082	Normal	 Bone marrow mononuclear cells (BMMCs)	male	Fresh frozen	CD8+ Cytotoxic	mononuclear cells	5' Chromium Single Cell	CellRanger v.5.0	19 years	Unassigned	Unassigned	Unassigned	Unassigned	Unassigned	Unassigned	Unassigned	Unassigned	Control young	Aspirate	Normal	GRCh38	enriched using a pan T-cell isolation kit/sorted for live CD45+CD3+ cells	True	terminal effector T cells	7.581368	-3.8602657
GCGGGTTTCGTCCGTT-1	2669.0	1121.0	0.02922443	2020-03-18-82	Small (0 < X <= 0.01)	Single (0 < X <= 1)	X2020.03.18.82	Control0082_BM_Tcells	Control0082	Normal	 Bone marrow mononuclear cells (BMMCs)	male	Fresh frozen	CD8+ NK-like	mononuclear cells	5' Chromium Single Cell	CellRanger v.5.0	19 years	Unassigned	Unassigned	Unassigned	Unassigned	Unassigned	Unassigned	Unassigned	Unassigned	Control young	Aspirate	Normal	GRCh38	enriched using a pan T-cell isolation kit/sorted for live CD45+CD3+ cells	True	terminal effector T cells	6.757074	-2.0097938
GCTCCTATCATCATTC-1	1938.0	946.0	0.05469556	2020-03-18-82	Large (0.01 < X <= 0.1)	Medium (5 < X <= 20)	X2020.03.18.82	Control0082_BM_Tcells	Control0082	Normal	 Bone marrow mononuclear cells (BMMCs)	male	Fresh frozen	CD8+ tissue-resident memory T (TRM)	mononuclear cells	5' Chromium Single Cell	CellRanger v.5.0	19 years	Unassigned	Unassigned	Unassigned	Unassigned	Unassigned	Unassigned	Unassigned	Unassigned	Control young	Aspirate	Normal	GRCh38	enriched using a pan T-cell isolation kit/sorted for live CD45+CD3+ cells	True	transitional T cells	-2.7049556	0.2677992
GCTCCTATCCTGTACC-1	2514.0	1107.0	0.07358791	2020-03-18-82	Large (0.01 < X <= 0.1)	Medium (5 < X <= 20)	X2020.03.18.82	Control0082_BM_Tcells	Control0082	Normal	 Bone marrow mononuclear cells (BMMCs)	male	Fresh frozen	Gamma-delta T cell (gd T)	mononuclear cells	5' Chromium Single Cell	CellRanger v.5.0	19 years	Unassigned	Unassigned	Unassigned	Unassigned	Unassigned	Unassigned	Unassigned	Unassigned	Control young	Aspirate	Normal	GRCh38	enriched using a pan T-cell isolation kit/sorted for live CD45+CD3+ cells	True	terminal effector T cells	6.1499195	-2.040337
GCTCTGTCAACCGCCA-1	1988.0	844.0	0.020623742	2020-03-18-82	Small (0 < X <= 0.01)	Single (0 < X <= 1)	X2020.03.18.82	Control0082_BM_Tcells	Control0082	Normal	 Bone marrow mononuclear cells (BMMCs)	male	Fresh frozen	CD8+ Naive	mononuclear cells	5' Chromium Single Cell	CellRanger v.5.0	19 years	Unassigned	Unassigned	Unassigned	Unassigned	Unassigned	Unassigned	Unassigned	Unassigned	Control young	Aspirate	Normal	GRCh38	enriched using a pan T-cell isolation kit/sorted for live CD45+CD3+ cells	True	naive / central memory T cells	-4.72312	-1.3704578
GCTCTGTCAGTAGAGC-1	1746.0	813.0	0.067010306	2020-03-18-82	Large (0.01 < X <= 0.1)	Medium (5 < X <= 20)	X2020.03.18.82	Control0082_BM_Tcells	Control0082	Normal	 Bone marrow mononuclear cells (BMMCs)	male	Fresh frozen	CD8+ GZMK+	mononuclear cells	5' Chromium Single Cell	CellRanger v.5.0	19 years	Unassigned	Unassigned	Unassigned	Unassigned	Unassigned	Unassigned	Unassigned	Unassigned	Control young	Aspirate	Normal	GRCh38	enriched using a pan T-cell isolation kit/sorted for live CD45+CD3+ cells	True	terminal effector T cells	2.241556	1.601194
GCTCTGTGTACTTCTT-1	790.0	457.0	0.025316456	2020-03-18-82	Large (0.01 < X <= 0.1)	Medium (5 < X <= 20)	X2020.03.18.82	Control0082_BM_Tcells	Control0082	Normal	 Bone marrow mononuclear cells (BMMCs)	male	Fresh frozen	CD8+ GZMK+	mononuclear cells	5' Chromium Single Cell	CellRanger v.5.0	19 years	Unassigned	Unassigned	Unassigned	Unassigned	Unassigned	Unassigned	Unassigned	Unassigned	Control young	Aspirate	Normal	GRCh38	enriched using a pan T-cell isolation kit/sorted for live CD45+CD3+ cells	True	terminal effector T cells	2.7857044	-0.42737317
GCTCTGTTCGGCATCG-1	2424.0	1136.0	0.04950495	2020-03-18-82	Small (0 < X <= 0.01)	Single (0 < X <= 1)	X2020.03.18.82	Control0082_BM_Tcells	Control0082	Normal	 Bone marrow mononuclear cells (BMMCs)	male	Fresh frozen	CD8+ Cytotoxic	mononuclear cells	5' Chromium Single Cell	CellRanger v.5.0	19 years	Unassigned	Unassigned	Unassigned	Unassigned	Unassigned	Unassigned	Unassigned	Unassigned	Control young	Aspirate	Normal	GRCh38	enriched using a pan T-cell isolation kit/sorted for live CD45+CD3+ cells	True	terminal effector T cells	6.4196544	-3.0025818
GCTGCAGGTAATTGGA-1	3979.0	1452.0	0.024629304	2020-03-18-82	Unassigned	Unassigned	X2020.03.18.82	Control0082_BM_Tcells	Control0082	Normal	 Bone marrow mononuclear cells (BMMCs)	male	Fresh frozen	CD8+ IFN+	mononuclear cells	5' Chromium Single Cell	CellRanger v.5.0	19 years	Unassigned	Unassigned	Unassigned	Unassigned	Unassigned	Unassigned	Unassigned	Unassigned	Control young	Aspirate	Normal	GRCh38	enriched using a pan T-cell isolation kit/sorted for live CD45+CD3+ cells	True	terminal effector T cells	6.8388214	-1.5777928
GCTGCAGGTATTCTCT-1	2552.0	1023.0	0.018025078	2020-03-18-82	Small (0 < X <= 0.01)	Small (1 < X <= 5)	X2020.03.18.82	Control0082_BM_Tcells	Control0082	Normal	 Bone marrow mononuclear cells (BMMCs)	male	Fresh frozen	CD8+ tissue-resident memory T (TRM)	mononuclear cells	5' Chromium Single Cell	CellRanger v.5.0	19 years	Unassigned	Unassigned	Unassigned	Unassigned	Unassigned	Unassigned	Unassigned	Unassigned	Control young	Aspirate	Normal	GRCh38	enriched using a pan T-cell isolation kit/sorted for live CD45+CD3+ cells	True	transitional T cells	-0.1403337	0.5028723
GCTGCAGTCAACTCTT-1	1971.0	826.0	0.017757483	2020-03-18-82	Small (0 < X <= 0.01)	Single (0 < X <= 1)	X2020.03.18.82	Control0082_BM_Tcells	Control0082	Normal	 Bone marrow mononuclear cells (BMMCs)	male	Fresh frozen	CD4+ central memory T (CD4+ TCM)	mononuclear cells	5' Chromium Single Cell	CellRanger v.5.0	19 years	Unassigned	Unassigned	Unassigned	Unassigned	Unassigned	Unassigned	Unassigned	Unassigned	Control young	Aspirate	Normal	GRCh38	enriched using a pan T-cell isolation kit/sorted for live CD45+CD3+ cells	True	naive / central memory T cells	-4.6641445	4.4443893
GCTGCGAAGGTGCTAG-1	1406.0	706.0	0.03485064	2020-03-18-82	Small (0 < X <= 0.01)	Single (0 < X <= 1)	X2020.03.18.82	Control0082_BM_Tcells	Control0082	Normal	 Bone marrow mononuclear cells (BMMCs)	male	Fresh frozen	CD8+ Naive	mononuclear cells	5' Chromium Single Cell	CellRanger v.5.0	19 years	Unassigned	Unassigned	Unassigned	Unassigned	Unassigned	Unassigned	Unassigned	Unassigned	Control young	Aspirate	Normal	GRCh38	enriched using a pan T-cell isolation kit/sorted for live CD45+CD3+ cells	True	naive / central memory T cells	-4.2934604	-2.4232788
GCTGCTTTCGTATCAG-1	2023.0	1023.0	0.015323777	2020-03-18-82	Small (0 < X <= 0.01)	Small (1 < X <= 5)	X2020.03.18.82	Control0082_BM_Tcells	Control0082	Normal	 Bone marrow mononuclear cells (BMMCs)	male	Fresh frozen	CD8+ Cytotoxic	mononuclear cells	5' Chromium Single Cell	CellRanger v.5.0	19 years	Unassigned	Unassigned	Unassigned	Unassigned	Unassigned	Unassigned	Unassigned	Unassigned	Control young	Aspirate	Normal	GRCh38	enriched using a pan T-cell isolation kit/sorted for live CD45+CD3+ cells	True	terminal effector T cells	6.6268353	-1.449294
GCTGGGTAGAGTAATC-1	2364.0	1112.0	0.015228426	2020-03-18-82	Small (0 < X <= 0.01)	Single (0 < X <= 1)	X2020.03.18.82	Control0082_BM_Tcells	Control0082	Normal	 Bone marrow mononuclear cells (BMMCs)	male	Fresh frozen	CD8+ Cytotoxic	mononuclear cells	5' Chromium Single Cell	CellRanger v.5.0	19 years	Unassigned	Unassigned	Unassigned	Unassigned	Unassigned	Unassigned	Unassigned	Unassigned	Control young	Aspirate	Normal	GRCh38	enriched using a pan T-cell isolation kit/sorted for live CD45+CD3+ cells	True	terminal effector T cells	7.5588937	-3.8072538
GCTGGGTCAGACGTAG-1	2016.0	917.0	0.03422619	2020-03-18-82	Small (0 < X <= 0.01)	Single (0 < X <= 1)	X2020.03.18.82	Control0082_BM_Tcells	Control0082	Normal	 Bone marrow mononuclear cells (BMMCs)	male	Fresh frozen	CD4+ Naive	mononuclear cells	5' Chromium Single Cell	CellRanger v.5.0	19 years	Unassigned	Unassigned	Unassigned	Unassigned	Unassigned	Unassigned	Unassigned	Unassigned	Control young	Aspirate	Normal	GRCh38	enriched using a pan T-cell isolation kit/sorted for live CD45+CD3+ cells	True	naive / central memory T cells	-5.0801888	-1.0057296
GCTTCCAGTAGCGCAA-1	4459.0	1767.0	0.056066383	2020-03-18-82	Small (0 < X <= 0.01)	Single (0 < X <= 1)	X2020.03.18.82	Control0082_BM_Tcells	Control0082	Normal	 Bone marrow mononuclear cells (BMMCs)	male	Fresh frozen	CD8+ NK-like	mononuclear cells	5' Chromium Single Cell	CellRanger v.5.0	19 years	Unassigned	Unassigned	Unassigned	Unassigned	Unassigned	Unassigned	Unassigned	Unassigned	Control young	Aspirate	Normal	GRCh38	enriched using a pan T-cell isolation kit/sorted for live CD45+CD3+ cells	True	terminal effector T cells	6.9282255	-1.0693818
GCTTCCATCATAGCAC-1	2027.0	1028.0	0.013320178	2020-03-18-82	Small (0 < X <= 0.01)	Single (0 < X <= 1)	X2020.03.18.82	Control0082_BM_Tcells	Control0082	Normal	 Bone marrow mononuclear cells (BMMCs)	male	Fresh frozen	Gamma-delta T cell (gd T)	mononuclear cells	5' Chromium Single Cell	CellRanger v.5.0	19 years	Unassigned	Unassigned	Unassigned	Unassigned	Unassigned	Unassigned	Unassigned	Unassigned	Control young	Aspirate	Normal	GRCh38	enriched using a pan T-cell isolation kit/sorted for live CD45+CD3+ cells	True	terminal effector T cells	4.0463867	1.1053208
GCTTCCATCCCAACGG-1	1465.0	697.0	0.021160409	2020-03-18-82	Small (0 < X <= 0.01)	Small (1 < X <= 5)	X2020.03.18.82	Control0082_BM_Tcells	Control0082	Normal	 Bone marrow mononuclear cells (BMMCs)	male	Fresh frozen	CD8+ GZMK+	mononuclear cells	5' Chromium Single Cell	CellRanger v.5.0	19 years	Unassigned	Unassigned	Unassigned	Unassigned	Unassigned	Unassigned	Unassigned	Unassigned	Control young	Aspirate	Normal	GRCh38	enriched using a pan T-cell isolation kit/sorted for live CD45+CD3+ cells	True	terminal effector T cells	2.3720956	2.1491835
GCTTGAAAGATACACA-1	2080.0	951.0	0.03173077	2020-03-18-82	Small (0 < X <= 0.01)	Single (0 < X <= 1)	X2020.03.18.82	Control0082_BM_Tcells	Control0082	Normal	 Bone marrow mononuclear cells (BMMCs)	male	Fresh frozen	CD8+ NK-like	mononuclear cells	5' Chromium Single Cell	CellRanger v.5.0	19 years	Unassigned	Unassigned	Unassigned	Unassigned	Unassigned	Unassigned	Unassigned	Unassigned	Control young	Aspirate	Normal	GRCh38	enriched using a pan T-cell isolation kit/sorted for live CD45+CD3+ cells	True	terminal effector T cells	4.379753	1.9936793
GGAAAGCAGGGTCGAT-1	2494.0	1061.0	0.034081798	2020-03-18-82	Small (0 < X <= 0.01)	Single (0 < X <= 1)	X2020.03.18.82	Control0082_BM_Tcells	Control0082	Normal	 Bone marrow mononuclear cells (BMMCs)	male	Fresh frozen	CD8+ Cytotoxic	mononuclear cells	5' Chromium Single Cell	CellRanger v.5.0	19 years	Unassigned	Unassigned	Unassigned	Unassigned	Unassigned	Unassigned	Unassigned	Unassigned	Control young	Aspirate	Normal	GRCh38	enriched using a pan T-cell isolation kit/sorted for live CD45+CD3+ cells	True	terminal effector T cells	5.590688	-0.20828162
GGAAAGCGTCCCGACA-1	1030.0	557.0	0.032038834	2020-03-18-82	Small (0 < X <= 0.01)	Small (1 < X <= 5)	X2020.03.18.82	Control0082_BM_Tcells	Control0082	Normal	 Bone marrow mononuclear cells (BMMCs)	male	Fresh frozen	CD8+ GZMK+	mononuclear cells	5' Chromium Single Cell	CellRanger v.5.0	19 years	Unassigned	Unassigned	Unassigned	Unassigned	Unassigned	Unassigned	Unassigned	Unassigned	Control young	Aspirate	Normal	GRCh38	enriched using a pan T-cell isolation kit/sorted for live CD45+CD3+ cells	True	terminal effector T cells	2.5189254	0.2257805
GGAAAGCTCTCTGAGA-1	1964.0	908.0	0.013238289	2020-03-18-82	Small (0 < X <= 0.01)	Single (0 < X <= 1)	X2020.03.18.82	Control0082_BM_Tcells	Control0082	Normal	 Bone marrow mononuclear cells (BMMCs)	male	Fresh frozen	CD8+ Naive	mononuclear cells	5' Chromium Single Cell	CellRanger v.5.0	19 years	Unassigned	Unassigned	Unassigned	Unassigned	Unassigned	Unassigned	Unassigned	Unassigned	Control young	Aspirate	Normal	GRCh38	enriched using a pan T-cell isolation kit/sorted for live CD45+CD3+ cells	True	naive / central memory T cells	-3.228013	-3.1370893
GGAACTTTCTCGCATC-1	1813.0	745.0	0.001654716	2020-03-18-82	Small (0 < X <= 0.01)	Single (0 < X <= 1)	X2020.03.18.82	Control0082_BM_Tcells	Control0082	Normal	 Bone marrow mononuclear cells (BMMCs)	male	Fresh frozen	CD4+ Naive	mononuclear cells	5' Chromium Single Cell	CellRanger v.5.0	19 years	Unassigned	Unassigned	Unassigned	Unassigned	Unassigned	Unassigned	Unassigned	Unassigned	Control young	Aspirate	Normal	GRCh38	enriched using a pan T-cell isolation kit/sorted for live CD45+CD3+ cells	True	naive / central memory T cells	-4.836341	-2.0543625
GGAATAAAGAGGGCTT-1	1983.0	872.0	0.020675743	2020-03-18-82	Small (0 < X <= 0.01)	Small (1 < X <= 5)	X2020.03.18.82	Control0082_BM_Tcells	Control0082	Normal	 Bone marrow mononuclear cells (BMMCs)	male	Fresh frozen	CD8+ tissue-resident memory T (TRM)	mononuclear cells	5' Chromium Single Cell	CellRanger v.5.0	19 years	Unassigned	Unassigned	Unassigned	Unassigned	Unassigned	Unassigned	Unassigned	Unassigned	Control young	Aspirate	Normal	GRCh38	enriched using a pan T-cell isolation kit/sorted for live CD45+CD3+ cells	True	transitional T cells	3.2712438	2.35016
GGAATAAAGAGTACAT-1	2162.0	1021.0	0.053654023	2020-03-18-82	Small (0 < X <= 0.01)	Single (0 < X <= 1)	X2020.03.18.82	Control0082_BM_Tcells	Control0082	Normal	 Bone marrow mononuclear cells (BMMCs)	male	Fresh frozen	CD8+ GZMK+	mononuclear cells	5' Chromium Single Cell	CellRanger v.5.0	19 years	Unassigned	Unassigned	Unassigned	Unassigned	Unassigned	Unassigned	Unassigned	Unassigned	Control young	Aspirate	Normal	GRCh38	enriched using a pan T-cell isolation kit/sorted for live CD45+CD3+ cells	True	terminal effector T cells	1.9790283	-0.5189371
GGAATAACAGCGTCCA-1	1919.0	866.0	0.031787388	2020-03-18-82	Small (0 < X <= 0.01)	Small (1 < X <= 5)	X2020.03.18.82	Control0082_BM_Tcells	Control0082	Normal	 Bone marrow mononuclear cells (BMMCs)	male	Fresh frozen	CD8+ GZMK+	mononuclear cells	5' Chromium Single Cell	CellRanger v.5.0	19 years	Unassigned	Unassigned	Unassigned	Unassigned	Unassigned	Unassigned	Unassigned	Unassigned	Control young	Aspirate	Normal	GRCh38	enriched using a pan T-cell isolation kit/sorted for live CD45+CD3+ cells	True	terminal effector T cells	2.163947	2.4368532
GGAATAAGTGTTGAGG-1	2033.0	934.0	0.03639941	2020-03-18-82	Small (0 < X <= 0.01)	Single (0 < X <= 1)	X2020.03.18.82	Control0082_BM_Tcells	Control0082	Normal	 Bone marrow mononuclear cells (BMMCs)	male	Fresh frozen	Mucosal-associated invariant T (MAIT)	mononuclear cells	5' Chromium Single Cell	CellRanger v.5.0	19 years	Unassigned	Unassigned	Unassigned	Unassigned	Unassigned	Unassigned	Unassigned	Unassigned	Control young	Aspirate	Normal	GRCh38	enriched using a pan T-cell isolation kit/sorted for live CD45+CD3+ cells	True	transitional T cells	-3.7590027	2.9853356
GGAATAATCCTAGTGA-1	1555.0	779.0	0.023794211	2020-03-18-82	Small (0 < X <= 0.01)	Single (0 < X <= 1)	X2020.03.18.82	Control0082_BM_Tcells	Control0082	Normal	 Bone marrow mononuclear cells (BMMCs)	male	Fresh frozen	CD8+ GZMK+	mononuclear cells	5' Chromium Single Cell	CellRanger v.5.0	19 years	Unassigned	Unassigned	Unassigned	Unassigned	Unassigned	Unassigned	Unassigned	Unassigned	Control young	Aspirate	Normal	GRCh38	enriched using a pan T-cell isolation kit/sorted for live CD45+CD3+ cells	True	terminal effector T cells	2.6204033	1.1162988
GGACAAGCATCACGTA-1	1852.0	902.0	0.039416846	2020-03-18-82	Large (0.01 < X <= 0.1)	Medium (5 < X <= 20)	X2020.03.18.82	Control0082_BM_Tcells	Control0082	Normal	 Bone marrow mononuclear cells (BMMCs)	male	Fresh frozen	CD8+ GZMK+	mononuclear cells	5' Chromium Single Cell	CellRanger v.5.0	19 years	Unassigned	Unassigned	Unassigned	Unassigned	Unassigned	Unassigned	Unassigned	Unassigned	Control young	Aspirate	Normal	GRCh38	enriched using a pan T-cell isolation kit/sorted for live CD45+CD3+ cells	True	terminal effector T cells	-3.0290992	1.5764245
GGACATTCATCACGTA-1	1860.0	893.0	0.03655914	2020-03-18-82	Large (0.01 < X <= 0.1)	Large (20 < X <= 100)	X2020.03.18.82	Control0082_BM_Tcells	Control0082	Normal	 Bone marrow mononuclear cells (BMMCs)	male	Fresh frozen	CD8+ Cytotoxic	mononuclear cells	5' Chromium Single Cell	CellRanger v.5.0	19 years	Unassigned	Unassigned	Unassigned	Unassigned	Unassigned	Unassigned	Unassigned	Unassigned	Control young	Aspirate	Normal	GRCh38	enriched using a pan T-cell isolation kit/sorted for live CD45+CD3+ cells	True	terminal effector T cells	7.5495133	-3.9089217
GGAGCAACACTTAAGC-1	1863.0	900.0	0.01986044	2020-03-18-82	Small (0 < X <= 0.01)	Single (0 < X <= 1)	X2020.03.18.82	Control0082_BM_Tcells	Control0082	Normal	 Bone marrow mononuclear cells (BMMCs)	male	Fresh frozen	CD8+ NK-like	mononuclear cells	5' Chromium Single Cell	CellRanger v.5.0	19 years	Unassigned	Unassigned	Unassigned	Unassigned	Unassigned	Unassigned	Unassigned	Unassigned	Control young	Aspirate	Normal	GRCh38	enriched using a pan T-cell isolation kit/sorted for live CD45+CD3+ cells	True	terminal effector T cells	4.931266	1.8440017
GGAGCAATCTCGCATC-1	1937.0	887.0	0.044398554	2020-03-18-82	Small (0 < X <= 0.01)	Small (1 < X <= 5)	X2020.03.18.82	Control0082_BM_Tcells	Control0082	Normal	 Bone marrow mononuclear cells (BMMCs)	male	Fresh frozen	CD8+ NK-like	mononuclear cells	5' Chromium Single Cell	CellRanger v.5.0	19 years	Unassigned	Unassigned	Unassigned	Unassigned	Unassigned	Unassigned	Unassigned	Unassigned	Control young	Aspirate	Normal	GRCh38	enriched using a pan T-cell isolation kit/sorted for live CD45+CD3+ cells	True	terminal effector T cells	3.9436977	2.0814042
GGATGTTTCACATGCA-1	3241.0	1219.0	0.017587164	2020-03-18-82	Small (0 < X <= 0.01)	Single (0 < X <= 1)	X2020.03.18.82	Control0082_BM_Tcells	Control0082	Normal	 Bone marrow mononuclear cells (BMMCs)	male	Fresh frozen	CD4+ Naive	mononuclear cells	5' Chromium Single Cell	CellRanger v.5.0	19 years	Unassigned	Unassigned	Unassigned	Unassigned	Unassigned	Unassigned	Unassigned	Unassigned	Control young	Aspirate	Normal	GRCh38	enriched using a pan T-cell isolation kit/sorted for live CD45+CD3+ cells	True	naive / central memory T cells	-6.446286	0.53930956
GGATGTTTCTAACGGT-1	729.0	418.0	0.027434843	2020-03-18-82	Small (0 < X <= 0.01)	Single (0 < X <= 1)	X2020.03.18.82	Control0082_BM_Tcells	Control0082	Normal	 Bone marrow mononuclear cells (BMMCs)	male	Fresh frozen	CD4+ central memory T (CD4+ TCM)	mononuclear cells	5' Chromium Single Cell	CellRanger v.5.0	19 years	Unassigned	Unassigned	Unassigned	Unassigned	Unassigned	Unassigned	Unassigned	Unassigned	Control young	Aspirate	Normal	GRCh38	enriched using a pan T-cell isolation kit/sorted for live CD45+CD3+ cells	True	naive / central memory T cells	-5.003089	-0.9083407
GGATTACAGATGCCTT-1	5155.0	1890.0	0.019980602	2020-03-18-82	Small (0 < X <= 0.01)	Single (0 < X <= 1)	X2020.03.18.82	Control0082_BM_Tcells	Control0082	Normal	 Bone marrow mononuclear cells (BMMCs)	male	Fresh frozen	CD8+ Naive	mononuclear cells	5' Chromium Single Cell	CellRanger v.5.0	19 years	Unassigned	Unassigned	Unassigned	Unassigned	Unassigned	Unassigned	Unassigned	Unassigned	Control young	Aspirate	Normal	GRCh38	enriched using a pan T-cell isolation kit/sorted for live CD45+CD3+ cells	True	naive / central memory T cells	-2.8740132	-2.931206
GGATTACGTAGGGTAC-1	3639.0	1074.0	0.010992031	2020-03-18-82	Small (0 < X <= 0.01)	Single (0 < X <= 1)	X2020.03.18.82	Control0082_BM_Tcells	Control0082	Normal	 Bone marrow mononuclear cells (BMMCs)	male	Fresh frozen	CD4+ Naive	mononuclear cells	5' Chromium Single Cell	CellRanger v.5.0	19 years	Unassigned	Unassigned	Unassigned	Unassigned	Unassigned	Unassigned	Unassigned	Unassigned	Control young	Aspirate	Normal	GRCh38	enriched using a pan T-cell isolation kit/sorted for live CD45+CD3+ cells	True	naive / central memory T cells	-5.4222746	0.39121795
GGATTACTCATCACCC-1	1968.0	892.0	0.036077235	2020-03-18-82	Small (0 < X <= 0.01)	Single (0 < X <= 1)	X2020.03.18.82	Control0082_BM_Tcells	Control0082	Normal	 Bone marrow mononuclear cells (BMMCs)	male	Fresh frozen	CD8+ Cytotoxic	mononuclear cells	5' Chromium Single Cell	CellRanger v.5.0	19 years	Unassigned	Unassigned	Unassigned	Unassigned	Unassigned	Unassigned	Unassigned	Unassigned	Control young	Aspirate	Normal	GRCh38	enriched using a pan T-cell isolation kit/sorted for live CD45+CD3+ cells	True	terminal effector T cells	3.5916243	-1.122686
GGCAATTTCATTCACT-1	3663.0	1155.0	0.02020202	2020-03-18-82	Small (0 < X <= 0.01)	Single (0 < X <= 1)	X2020.03.18.82	Control0082_BM_Tcells	Control0082	Normal	 Bone marrow mononuclear cells (BMMCs)	male	Fresh frozen	CD8+ Naive	mononuclear cells	5' Chromium Single Cell	CellRanger v.5.0	19 years	Unassigned	Unassigned	Unassigned	Unassigned	Unassigned	Unassigned	Unassigned	Unassigned	Control young	Aspirate	Normal	GRCh38	enriched using a pan T-cell isolation kit/sorted for live CD45+CD3+ cells	True	naive / central memory T cells	-4.132697	-3.4329214
GGCCGATGTCTCCATC-1	2324.0	998.0	0.030981068	2020-03-18-82	Small (0 < X <= 0.01)	Single (0 < X <= 1)	X2020.03.18.82	Control0082_BM_Tcells	Control0082	Normal	 Bone marrow mononuclear cells (BMMCs)	male	Fresh frozen	Gamma-delta T cell (gd T)	mononuclear cells	5' Chromium Single Cell	CellRanger v.5.0	19 years	Unassigned	Unassigned	Unassigned	Unassigned	Unassigned	Unassigned	Unassigned	Unassigned	Control young	Aspirate	Normal	GRCh38	enriched using a pan T-cell isolation kit/sorted for live CD45+CD3+ cells	True	terminal effector T cells	1.5195057	0.5780552
GGCGACTCATTTGCCC-1	2289.0	1006.0	0.06902578	2020-03-18-82	Small (0 < X <= 0.01)	Medium (5 < X <= 20)	X2020.03.18.82	Control0082_BM_Tcells	Control0082	Normal	 Bone marrow mononuclear cells (BMMCs)	male	Fresh frozen	Mucosal-associated invariant T (MAIT)	mononuclear cells	5' Chromium Single Cell	CellRanger v.5.0	19 years	Unassigned	Unassigned	Unassigned	Unassigned	Unassigned	Unassigned	Unassigned	Unassigned	Control young	Aspirate	Normal	GRCh38	enriched using a pan T-cell isolation kit/sorted for live CD45+CD3+ cells	True	transitional T cells	2.9449031	-0.80929327
GGCGACTTCTACGAGT-1	1316.0	663.0	0.08282675	2020-03-18-82	Small (0 < X <= 0.01)	Small (1 < X <= 5)	X2020.03.18.82	Control0082_BM_Tcells	Control0082	Normal	 Bone marrow mononuclear cells (BMMCs)	male	Fresh frozen	CD8+ GZMK+	mononuclear cells	5' Chromium Single Cell	CellRanger v.5.0	19 years	Unassigned	Unassigned	Unassigned	Unassigned	Unassigned	Unassigned	Unassigned	Unassigned	Control young	Aspirate	Normal	GRCh38	enriched using a pan T-cell isolation kit/sorted for live CD45+CD3+ cells	True	terminal effector T cells	3.2110982	0.9669076
GGCGTGTGTGTGGTTT-1	2690.0	1120.0	0.039033458	2020-03-18-82	Small (0 < X <= 0.01)	Single (0 < X <= 1)	X2020.03.18.82	Control0082_BM_Tcells	Control0082	Normal	 Bone marrow mononuclear cells (BMMCs)	male	Fresh frozen	CD8+ GZMK+	mononuclear cells	5' Chromium Single Cell	CellRanger v.5.0	19 years	Unassigned	Unassigned	Unassigned	Unassigned	Unassigned	Unassigned	Unassigned	Unassigned	Control young	Aspirate	Normal	GRCh38	enriched using a pan T-cell isolation kit/sorted for live CD45+CD3+ cells	True	terminal effector T cells	2.5832222	1.6560478
GGCGTGTTCACTTACT-1	1347.0	630.0	0.023014106	2020-03-18-82	Small (0 < X <= 0.01)	Single (0 < X <= 1)	X2020.03.18.82	Control0082_BM_Tcells	Control0082	Normal	 Bone marrow mononuclear cells (BMMCs)	male	Fresh frozen	Gamma-delta T cell (gd T)	mononuclear cells	5' Chromium Single Cell	CellRanger v.5.0	19 years	Unassigned	Unassigned	Unassigned	Unassigned	Unassigned	Unassigned	Unassigned	Unassigned	Control young	Aspirate	Normal	GRCh38	enriched using a pan T-cell isolation kit/sorted for live CD45+CD3+ cells	True	terminal effector T cells	6.9648557	-3.2809262
GGCTCGACAGCTTAAC-1	1973.0	897.0	0.014698429	2020-03-18-82	Small (0 < X <= 0.01)	Single (0 < X <= 1)	X2020.03.18.82	Control0082_BM_Tcells	Control0082	Normal	 Bone marrow mononuclear cells (BMMCs)	male	Fresh frozen	CD8+ GZMK+	mononuclear cells	5' Chromium Single Cell	CellRanger v.5.0	19 years	Unassigned	Unassigned	Unassigned	Unassigned	Unassigned	Unassigned	Unassigned	Unassigned	Control young	Aspirate	Normal	GRCh38	enriched using a pan T-cell isolation kit/sorted for live CD45+CD3+ cells	True	terminal effector T cells	2.9645548	1.0977632
GGCTCGAGTAGCGCAA-1	3364.0	1339.0	0.046967894	2020-03-18-82	Small (0 < X <= 0.01)	Single (0 < X <= 1)	X2020.03.18.82	Control0082_BM_Tcells	Control0082	Normal	 Bone marrow mononuclear cells (BMMCs)	male	Fresh frozen	CD8+ NK-like	mononuclear cells	5' Chromium Single Cell	CellRanger v.5.0	19 years	Unassigned	Unassigned	Unassigned	Unassigned	Unassigned	Unassigned	Unassigned	Unassigned	Control young	Aspirate	Normal	GRCh38	enriched using a pan T-cell isolation kit/sorted for live CD45+CD3+ cells	True	terminal effector T cells	5.836774	-1.7002844
GGCTGGTAGAGCTATA-1	1846.0	789.0	0.027627302	2020-03-18-82	Small (0 < X <= 0.01)	Single (0 < X <= 1)	X2020.03.18.82	Control0082_BM_Tcells	Control0082	Normal	 Bone marrow mononuclear cells (BMMCs)	male	Fresh frozen	CD4+ central memory T (CD4+ TCM)	mononuclear cells	5' Chromium Single Cell	CellRanger v.5.0	19 years	Unassigned	Unassigned	Unassigned	Unassigned	Unassigned	Unassigned	Unassigned	Unassigned	Control young	Aspirate	Normal	GRCh38	enriched using a pan T-cell isolation kit/sorted for live CD45+CD3+ cells	True	naive / central memory T cells	-5.6485896	2.2181501
GGCTGGTCACCGTTGG-1	2006.0	985.0	0.030408774	2020-03-18-82	Small (0 < X <= 0.01)	Single (0 < X <= 1)	X2020.03.18.82	Control0082_BM_Tcells	Control0082	Normal	 Bone marrow mononuclear cells (BMMCs)	male	Fresh frozen	CD8+ GZMK+	mononuclear cells	5' Chromium Single Cell	CellRanger v.5.0	19 years	Unassigned	Unassigned	Unassigned	Unassigned	Unassigned	Unassigned	Unassigned	Unassigned	Control young	Aspirate	Normal	GRCh38	enriched using a pan T-cell isolation kit/sorted for live CD45+CD3+ cells	True	terminal effector T cells	2.7150404	1.8235607
GGGAATGTCAGCATGT-1	1728.0	792.0	0.057291668	2020-03-18-82	Small (0 < X <= 0.01)	Single (0 < X <= 1)	X2020.03.18.82	Control0082_BM_Tcells	Control0082	Normal	 Bone marrow mononuclear cells (BMMCs)	male	Fresh frozen	CD4+ Naive	mononuclear cells	5' Chromium Single Cell	CellRanger v.5.0	19 years	Unassigned	Unassigned	Unassigned	Unassigned	Unassigned	Unassigned	Unassigned	Unassigned	Control young	Aspirate	Normal	GRCh38	enriched using a pan T-cell isolation kit/sorted for live CD45+CD3+ cells	True	naive / central memory T cells	-4.0608177	-1.4740754
GGGACCTAGCAAATCA-1	2383.0	937.0	0.020142678	2020-03-18-82	Small (0 < X <= 0.01)	Single (0 < X <= 1)	X2020.03.18.82	Control0082_BM_Tcells	Control0082	Normal	 Bone marrow mononuclear cells (BMMCs)	male	Fresh frozen	CD4+ central memory T (CD4+ TCM)	mononuclear cells	5' Chromium Single Cell	CellRanger v.5.0	19 years	Unassigned	Unassigned	Unassigned	Unassigned	Unassigned	Unassigned	Unassigned	Unassigned	Control young	Aspirate	Normal	GRCh38	enriched using a pan T-cell isolation kit/sorted for live CD45+CD3+ cells	True	naive / central memory T cells	-7.0647264	-1.7520205
GGGATGAAGGACATTA-1	2589.0	1130.0	0.043259945	2020-03-18-82	Small (0 < X <= 0.01)	Single (0 < X <= 1)	X2020.03.18.82	Control0082_BM_Tcells	Control0082	Normal	 Bone marrow mononuclear cells (BMMCs)	male	Fresh frozen	Mucosal-associated invariant T (MAIT)	mononuclear cells	5' Chromium Single Cell	CellRanger v.5.0	19 years	Unassigned	Unassigned	Unassigned	Unassigned	Unassigned	Unassigned	Unassigned	Unassigned	Control young	Aspirate	Normal	GRCh38	enriched using a pan T-cell isolation kit/sorted for live CD45+CD3+ cells	True	transitional T cells	-0.67356366	4.315589
GGGCATCAGCATCATC-1	2847.0	1071.0	0.010537407	2020-03-18-82	Small (0 < X <= 0.01)	Single (0 < X <= 1)	X2020.03.18.82	Control0082_BM_Tcells	Control0082	Normal	 Bone marrow mononuclear cells (BMMCs)	male	Fresh frozen	CD4+ Naive	mononuclear cells	5' Chromium Single Cell	CellRanger v.5.0	19 years	Unassigned	Unassigned	Unassigned	Unassigned	Unassigned	Unassigned	Unassigned	Unassigned	Control young	Aspirate	Normal	GRCh38	enriched using a pan T-cell isolation kit/sorted for live CD45+CD3+ cells	True	naive / central memory T cells	-6.7253413	1.043124
GGGCATCCACCCATTC-1	1895.0	939.0	0.013192612	2020-03-18-82	Small (0 < X <= 0.01)	Single (0 < X <= 1)	X2020.03.18.82	Control0082_BM_Tcells	Control0082	Normal	 Bone marrow mononuclear cells (BMMCs)	male	Fresh frozen	CD8+ Cytotoxic	mononuclear cells	5' Chromium Single Cell	CellRanger v.5.0	19 years	Unassigned	Unassigned	Unassigned	Unassigned	Unassigned	Unassigned	Unassigned	Unassigned	Control young	Aspirate	Normal	GRCh38	enriched using a pan T-cell isolation kit/sorted for live CD45+CD3+ cells	True	terminal effector T cells	7.598456	-3.976048
GGGCATCTCCTCTAGC-1	1734.0	827.0	0.04901961	2020-03-18-82	Large (0.01 < X <= 0.1)	Medium (5 < X <= 20)	X2020.03.18.82	Control0082_BM_Tcells	Control0082	Normal	 Bone marrow mononuclear cells (BMMCs)	male	Fresh frozen	CD8+ GZMK+	mononuclear cells	5' Chromium Single Cell	CellRanger v.5.0	19 years	Unassigned	Unassigned	Unassigned	Unassigned	Unassigned	Unassigned	Unassigned	Unassigned	Control young	Aspirate	Normal	GRCh38	enriched using a pan T-cell isolation kit/sorted for live CD45+CD3+ cells	True	terminal effector T cells	2.302646	0.8792283
GGGCATCTCTGACCTC-1	1686.0	790.0	0.06702254	2020-03-18-82	Large (0.01 < X <= 0.1)	Medium (5 < X <= 20)	X2020.03.18.82	Control0082_BM_Tcells	Control0082	Normal	 Bone marrow mononuclear cells (BMMCs)	male	Fresh frozen	CD4+ Activated	mononuclear cells	5' Chromium Single Cell	CellRanger v.5.0	19 years	Unassigned	Unassigned	Unassigned	Unassigned	Unassigned	Unassigned	Unassigned	Unassigned	Control young	Aspirate	Normal	GRCh38	enriched using a pan T-cell isolation kit/sorted for live CD45+CD3+ cells	True	naive / central memory T cells	-3.5561874	1.1945025
GGGTCTGCAATCACAC-1	4175.0	1714.0	0.029940119	2020-03-18-82	Small (0 < X <= 0.01)	Single (0 < X <= 1)	X2020.03.18.82	Control0082_BM_Tcells	Control0082	Normal	 Bone marrow mononuclear cells (BMMCs)	male	Fresh frozen	CD8+ Naive	mononuclear cells	5' Chromium Single Cell	CellRanger v.5.0	19 years	Unassigned	Unassigned	Unassigned	Unassigned	Unassigned	Unassigned	Unassigned	Unassigned	Control young	Aspirate	Normal	GRCh38	enriched using a pan T-cell isolation kit/sorted for live CD45+CD3+ cells	True	naive / central memory T cells	-4.553989	4.5500712
GGTATTGCACAGGCCT-1	2084.0	855.0	0.013915547	2020-03-18-82	Small (0 < X <= 0.01)	Single (0 < X <= 1)	X2020.03.18.82	Control0082_BM_Tcells	Control0082	Normal	 Bone marrow mononuclear cells (BMMCs)	male	Fresh frozen	Gamma-delta T cell (gd T)	mononuclear cells	5' Chromium Single Cell	CellRanger v.5.0	19 years	Unassigned	Unassigned	Unassigned	Unassigned	Unassigned	Unassigned	Unassigned	Unassigned	Control young	Aspirate	Normal	GRCh38	enriched using a pan T-cell isolation kit/sorted for live CD45+CD3+ cells	True	terminal effector T cells	-3.0958622	-2.5804338
GGTGAAGAGACAGGCT-1	1995.0	844.0	0.023558898	2020-03-18-82	Small (0 < X <= 0.01)	Single (0 < X <= 1)	X2020.03.18.82	Control0082_BM_Tcells	Control0082	Normal	 Bone marrow mononuclear cells (BMMCs)	male	Fresh frozen	CD8+ Naive	mononuclear cells	5' Chromium Single Cell	CellRanger v.5.0	19 years	Unassigned	Unassigned	Unassigned	Unassigned	Unassigned	Unassigned	Unassigned	Unassigned	Control young	Aspirate	Normal	GRCh38	enriched using a pan T-cell isolation kit/sorted for live CD45+CD3+ cells	True	naive / central memory T cells	-3.3432212	-2.9723074
GGTGAAGTCGCACTCT-1	1960.0	799.0	0.01122449	2020-03-18-82	Small (0 < X <= 0.01)	Single (0 < X <= 1)	X2020.03.18.82	Control0082_BM_Tcells	Control0082	Normal	 Bone marrow mononuclear cells (BMMCs)	male	Fresh frozen	CD8+ Naive	mononuclear cells	5' Chromium Single Cell	CellRanger v.5.0	19 years	Unassigned	Unassigned	Unassigned	Unassigned	Unassigned	Unassigned	Unassigned	Unassigned	Control young	Aspirate	Normal	GRCh38	enriched using a pan T-cell isolation kit/sorted for live CD45+CD3+ cells	True	naive / central memory T cells	-5.14159	-1.5764798
GGTGCGTGTAAGAGAG-1	1757.0	820.0	0.022766078	2020-03-18-82	Small (0 < X <= 0.01)	Single (0 < X <= 1)	X2020.03.18.82	Control0082_BM_Tcells	Control0082	Normal	 Bone marrow mononuclear cells (BMMCs)	male	Fresh frozen	Gamma-delta T cell (gd T)	mononuclear cells	5' Chromium Single Cell	CellRanger v.5.0	19 years	Unassigned	Unassigned	Unassigned	Unassigned	Unassigned	Unassigned	Unassigned	Unassigned	Control young	Aspirate	Normal	GRCh38	enriched using a pan T-cell isolation kit/sorted for live CD45+CD3+ cells	True	terminal effector T cells	-5.922042	-0.3616886
GGTGTTAAGAGCTATA-1	1438.0	754.0	0.027121002	2020-03-18-82	Small (0 < X <= 0.01)	Small (1 < X <= 5)	X2020.03.18.82	Control0082_BM_Tcells	Control0082	Normal	 Bone marrow mononuclear cells (BMMCs)	male	Fresh frozen	CD8+ NK-like	mononuclear cells	5' Chromium Single Cell	CellRanger v.5.0	19 years	Unassigned	Unassigned	Unassigned	Unassigned	Unassigned	Unassigned	Unassigned	Unassigned	Control young	Aspirate	Normal	GRCh38	enriched using a pan T-cell isolation kit/sorted for live CD45+CD3+ cells	True	terminal effector T cells	5.7494817	0.23864473
GGTGTTAAGCTATGCT-1	1627.0	769.0	0.048555624	2020-03-18-82	Small (0 < X <= 0.01)	Medium (5 < X <= 20)	X2020.03.18.82	Control0082_BM_Tcells	Control0082	Normal	 Bone marrow mononuclear cells (BMMCs)	male	Fresh frozen	CD8+ GZMK+	mononuclear cells	5' Chromium Single Cell	CellRanger v.5.0	19 years	Unassigned	Unassigned	Unassigned	Unassigned	Unassigned	Unassigned	Unassigned	Unassigned	Control young	Aspirate	Normal	GRCh38	enriched using a pan T-cell isolation kit/sorted for live CD45+CD3+ cells	True	terminal effector T cells	2.4416986	1.4299515
GGTGTTACATGACATC-1	2004.0	968.0	0.02744511	2020-03-18-82	Small (0 < X <= 0.01)	Single (0 < X <= 1)	X2020.03.18.82	Control0082_BM_Tcells	Control0082	Normal	 Bone marrow mononuclear cells (BMMCs)	male	Fresh frozen	CD8+ GZMK+	mononuclear cells	5' Chromium Single Cell	CellRanger v.5.0	19 years	Unassigned	Unassigned	Unassigned	Unassigned	Unassigned	Unassigned	Unassigned	Unassigned	Control young	Aspirate	Normal	GRCh38	enriched using a pan T-cell isolation kit/sorted for live CD45+CD3+ cells	True	terminal effector T cells	3.5876732	0.15842707
GGTGTTATCAGTTGAC-1	1706.0	834.0	0.027549824	2020-03-18-82	Small (0 < X <= 0.01)	Small (1 < X <= 5)	X2020.03.18.82	Control0082_BM_Tcells	Control0082	Normal	 Bone marrow mononuclear cells (BMMCs)	male	Fresh frozen	CD8+ tissue-resident memory T (TRM)	mononuclear cells	5' Chromium Single Cell	CellRanger v.5.0	19 years	Unassigned	Unassigned	Unassigned	Unassigned	Unassigned	Unassigned	Unassigned	Unassigned	Control young	Aspirate	Normal	GRCh38	enriched using a pan T-cell isolation kit/sorted for live CD45+CD3+ cells	True	transitional T cells	2.9341536	1.2621899
GTAACTGGTAGAGTGC-1	1813.0	866.0	0.034749035	2020-03-18-82	Small (0 < X <= 0.01)	Single (0 < X <= 1)	X2020.03.18.82	Control0082_BM_Tcells	Control0082	Normal	 Bone marrow mononuclear cells (BMMCs)	male	Fresh frozen	CD8+ Naive	mononuclear cells	5' Chromium Single Cell	CellRanger v.5.0	19 years	Unassigned	Unassigned	Unassigned	Unassigned	Unassigned	Unassigned	Unassigned	Unassigned	Control young	Aspirate	Normal	GRCh38	enriched using a pan T-cell isolation kit/sorted for live CD45+CD3+ cells	True	naive / central memory T cells	-3.6568024	-2.6691515
GTAACTGTCCGCAGTG-1	1974.0	946.0	0.027355623	2020-03-18-82	Small (0 < X <= 0.01)	Single (0 < X <= 1)	X2020.03.18.82	Control0082_BM_Tcells	Control0082	Normal	 Bone marrow mononuclear cells (BMMCs)	male	Fresh frozen	CD8+ Naive	mononuclear cells	5' Chromium Single Cell	CellRanger v.5.0	19 years	Unassigned	Unassigned	Unassigned	Unassigned	Unassigned	Unassigned	Unassigned	Unassigned	Control young	Aspirate	Normal	GRCh38	enriched using a pan T-cell isolation kit/sorted for live CD45+CD3+ cells	True	naive / central memory T cells	-4.038727	-2.5604007
GTACGTATCAGTTTGG-1	3803.0	1447.0	0.06126742	2020-03-18-82	Small (0 < X <= 0.01)	Single (0 < X <= 1)	X2020.03.18.82	Control0082_BM_Tcells	Control0082	Normal	 Bone marrow mononuclear cells (BMMCs)	male	Fresh frozen	CD8+ Cytotoxic	mononuclear cells	5' Chromium Single Cell	CellRanger v.5.0	19 years	Unassigned	Unassigned	Unassigned	Unassigned	Unassigned	Unassigned	Unassigned	Unassigned	Control young	Aspirate	Normal	GRCh38	enriched using a pan T-cell isolation kit/sorted for live CD45+CD3+ cells	True	terminal effector T cells	6.5651793	-1.3069366
GTACGTATCTAAGCCA-1	1708.0	845.0	0.06323185	2020-03-18-82	Small (0 < X <= 0.01)	Single (0 < X <= 1)	X2020.03.18.82	Control0082_BM_Tcells	Control0082	Normal	 Bone marrow mononuclear cells (BMMCs)	male	Fresh frozen	CD8+ GZMK+	mononuclear cells	5' Chromium Single Cell	CellRanger v.5.0	19 years	Unassigned	Unassigned	Unassigned	Unassigned	Unassigned	Unassigned	Unassigned	Unassigned	Control young	Aspirate	Normal	GRCh38	enriched using a pan T-cell isolation kit/sorted for live CD45+CD3+ cells	True	terminal effector T cells	1.8161623	0.43611205
GTACTCCGTTAGGGTG-1	851.0	477.0	0.030552292	2020-03-18-82	Large (0.01 < X <= 0.1)	Large (20 < X <= 100)	X2020.03.18.82	Control0082_BM_Tcells	Control0082	Normal	 Bone marrow mononuclear cells (BMMCs)	male	Fresh frozen	CD8+ GZMK+	mononuclear cells	5' Chromium Single Cell	CellRanger v.5.0	19 years	Unassigned	Unassigned	Unassigned	Unassigned	Unassigned	Unassigned	Unassigned	Unassigned	Control young	Aspirate	Normal	GRCh38	enriched using a pan T-cell isolation kit/sorted for live CD45+CD3+ cells	True	terminal effector T cells	1.6340463	0.18595935
GTACTCCTCAGAAATG-1	2200.0	922.0	0.016818183	2020-03-18-82	Small (0 < X <= 0.01)	Single (0 < X <= 1)	X2020.03.18.82	Control0082_BM_Tcells	Control0082	Normal	 Bone marrow mononuclear cells (BMMCs)	male	Fresh frozen	CD4+ central memory T (CD4+ TCM)	mononuclear cells	5' Chromium Single Cell	CellRanger v.5.0	19 years	Unassigned	Unassigned	Unassigned	Unassigned	Unassigned	Unassigned	Unassigned	Unassigned	Control young	Aspirate	Normal	GRCh38	enriched using a pan T-cell isolation kit/sorted for live CD45+CD3+ cells	True	naive / central memory T cells	-7.286954	-0.7812066
GTAGGCCAGGTAGCCA-1	2130.0	896.0	0.014084507	2020-03-18-82	Small (0 < X <= 0.01)	Single (0 < X <= 1)	X2020.03.18.82	Control0082_BM_Tcells	Control0082	Normal	 Bone marrow mononuclear cells (BMMCs)	male	Fresh frozen	CD8+ tissue-resident memory T (TRM)	mononuclear cells	5' Chromium Single Cell	CellRanger v.5.0	19 years	Unassigned	Unassigned	Unassigned	Unassigned	Unassigned	Unassigned	Unassigned	Unassigned	Control young	Aspirate	Normal	GRCh38	enriched using a pan T-cell isolation kit/sorted for live CD45+CD3+ cells	True	transitional T cells	-0.15094985	0.6282595
GTATCTTCAGGTCTCG-1	1747.0	781.0	0.029765312	2020-03-18-82	Small (0 < X <= 0.01)	Single (0 < X <= 1)	X2020.03.18.82	Control0082_BM_Tcells	Control0082	Normal	 Bone marrow mononuclear cells (BMMCs)	male	Fresh frozen	CD4+ Activated	mononuclear cells	5' Chromium Single Cell	CellRanger v.5.0	19 years	Unassigned	Unassigned	Unassigned	Unassigned	Unassigned	Unassigned	Unassigned	Unassigned	Control young	Aspirate	Normal	GRCh38	enriched using a pan T-cell isolation kit/sorted for live CD45+CD3+ cells	True	naive / central memory T cells	-4.7174716	3.041631
GTATTCTTCTAACTCT-1	2198.0	948.0	0.030482257	2020-03-18-82	Small (0 < X <= 0.01)	Single (0 < X <= 1)	X2020.03.18.82	Control0082_BM_Tcells	Control0082	Normal	 Bone marrow mononuclear cells (BMMCs)	male	Fresh frozen	CD8+ GZMK+	mononuclear cells	5' Chromium Single Cell	CellRanger v.5.0	19 years	Unassigned	Unassigned	Unassigned	Unassigned	Unassigned	Unassigned	Unassigned	Unassigned	Control young	Aspirate	Normal	GRCh38	enriched using a pan T-cell isolation kit/sorted for live CD45+CD3+ cells	True	terminal effector T cells	2.1051013	-0.5046946
GTCAAGTAGTTCGCGC-1	2253.0	865.0	0.04837994	2020-03-18-82	Small (0 < X <= 0.01)	Single (0 < X <= 1)	X2020.03.18.82	Control0082_BM_Tcells	Control0082	Normal	 Bone marrow mononuclear cells (BMMCs)	male	Fresh frozen	CD4+ Activated	mononuclear cells	5' Chromium Single Cell	CellRanger v.5.0	19 years	Unassigned	Unassigned	Unassigned	Unassigned	Unassigned	Unassigned	Unassigned	Unassigned	Control young	Aspirate	Normal	GRCh38	enriched using a pan T-cell isolation kit/sorted for live CD45+CD3+ cells	True	naive / central memory T cells	-3.142667	2.9053729
GTCATTTCACGCGAAA-1	3844.0	1448.0	0.041363165	2020-03-18-82	Small (0 < X <= 0.01)	Single (0 < X <= 1)	X2020.03.18.82	Control0082_BM_Tcells	Control0082	Normal	 Bone marrow mononuclear cells (BMMCs)	male	Fresh frozen	Gamma-delta T cell (gd T)	mononuclear cells	5' Chromium Single Cell	CellRanger v.5.0	19 years	Unassigned	Unassigned	Unassigned	Unassigned	Unassigned	Unassigned	Unassigned	Unassigned	Control young	Aspirate	Normal	GRCh38	enriched using a pan T-cell isolation kit/sorted for live CD45+CD3+ cells	True	terminal effector T cells	2.013031	2.150503
GTCATTTCAGCGAACA-1	2291.0	978.0	0.027062418	2020-03-18-82	Small (0 < X <= 0.01)	Medium (5 < X <= 20)	X2020.03.18.82	Control0082_BM_Tcells	Control0082	Normal	 Bone marrow mononuclear cells (BMMCs)	male	Fresh frozen	Gamma-delta T cell (gd T)	mononuclear cells	5' Chromium Single Cell	CellRanger v.5.0	19 years	Unassigned	Unassigned	Unassigned	Unassigned	Unassigned	Unassigned	Unassigned	Unassigned	Control young	Aspirate	Normal	GRCh38	enriched using a pan T-cell isolation kit/sorted for live CD45+CD3+ cells	True	terminal effector T cells	3.4490855	-0.9462838
GTCATTTTCATCTGTT-1	1788.0	883.0	0.02852349	2020-03-18-82	Large (0.01 < X <= 0.1)	Large (20 < X <= 100)	X2020.03.18.82	Control0082_BM_Tcells	Control0082	Normal	 Bone marrow mononuclear cells (BMMCs)	male	Fresh frozen	CD8+ GZMK+	mononuclear cells	5' Chromium Single Cell	CellRanger v.5.0	19 years	Unassigned	Unassigned	Unassigned	Unassigned	Unassigned	Unassigned	Unassigned	Unassigned	Control young	Aspirate	Normal	GRCh38	enriched using a pan T-cell isolation kit/sorted for live CD45+CD3+ cells	True	terminal effector T cells	3.1908798	0.5250936
GTCATTTTCTAACCGA-1	2520.0	1045.0	0.022619048	2020-03-18-82	Small (0 < X <= 0.01)	Small (1 < X <= 5)	X2020.03.18.82	Control0082_BM_Tcells	Control0082	Normal	 Bone marrow mononuclear cells (BMMCs)	male	Fresh frozen	Gamma-delta T cell (gd T)	mononuclear cells	5' Chromium Single Cell	CellRanger v.5.0	19 years	Unassigned	Unassigned	Unassigned	Unassigned	Unassigned	Unassigned	Unassigned	Unassigned	Control young	Aspirate	Normal	GRCh38	enriched using a pan T-cell isolation kit/sorted for live CD45+CD3+ cells	True	terminal effector T cells	2.2560604	-1.300186
GTCGTAACAAGTCTGT-1	2275.0	953.0	0.009670329	2020-03-18-82	Small (0 < X <= 0.01)	Single (0 < X <= 1)	X2020.03.18.82	Control0082_BM_Tcells	Control0082	Normal	 Bone marrow mononuclear cells (BMMCs)	male	Fresh frozen	CD4+ Naive	mononuclear cells	5' Chromium Single Cell	CellRanger v.5.0	19 years	Unassigned	Unassigned	Unassigned	Unassigned	Unassigned	Unassigned	Unassigned	Unassigned	Control young	Aspirate	Normal	GRCh38	enriched using a pan T-cell isolation kit/sorted for live CD45+CD3+ cells	True	naive / central memory T cells	-6.366946	1.0084058
GTCGTAAGTGCGATAG-1	1927.0	838.0	0.044110015	2020-03-18-82	Small (0 < X <= 0.01)	Single (0 < X <= 1)	X2020.03.18.82	Control0082_BM_Tcells	Control0082	Normal	 Bone marrow mononuclear cells (BMMCs)	male	Fresh frozen	CD4+ Naive	mononuclear cells	5' Chromium Single Cell	CellRanger v.5.0	19 years	Unassigned	Unassigned	Unassigned	Unassigned	Unassigned	Unassigned	Unassigned	Unassigned	Control young	Aspirate	Normal	GRCh38	enriched using a pan T-cell isolation kit/sorted for live CD45+CD3+ cells	True	naive / central memory T cells	-5.897257	1.1883502
GTCGTAATCTAACTGG-1	3596.0	1393.0	0.062291436	2020-03-18-82	Small (0 < X <= 0.01)	Single (0 < X <= 1)	X2020.03.18.82	Control0082_BM_Tcells	Control0082	Normal	 Bone marrow mononuclear cells (BMMCs)	male	Fresh frozen	CD8+ Cytotoxic	mononuclear cells	5' Chromium Single Cell	CellRanger v.5.0	19 years	Unassigned	Unassigned	Unassigned	Unassigned	Unassigned	Unassigned	Unassigned	Unassigned	Control young	Aspirate	Normal	GRCh38	enriched using a pan T-cell isolation kit/sorted for live CD45+CD3+ cells	True	terminal effector T cells	7.5735264	-3.8707771
GTCGTAATCTCATTCA-1	2510.0	1099.0	0.06733068	2020-03-18-82	Small (0 < X <= 0.01)	Single (0 < X <= 1)	X2020.03.18.82	Control0082_BM_Tcells	Control0082	Normal	 Bone marrow mononuclear cells (BMMCs)	male	Fresh frozen	Mucosal-associated invariant T (MAIT)	mononuclear cells	5' Chromium Single Cell	CellRanger v.5.0	19 years	Unassigned	Unassigned	Unassigned	Unassigned	Unassigned	Unassigned	Unassigned	Unassigned	Control young	Aspirate	Normal	GRCh38	enriched using a pan T-cell isolation kit/sorted for live CD45+CD3+ cells	True	transitional T cells	-0.4505321	4.4336553
GTCTTCGCATGGAATA-1	2627.0	1015.0	0.016749144	2020-03-18-82	Small (0 < X <= 0.01)	Single (0 < X <= 1)	X2020.03.18.82	Control0082_BM_Tcells	Control0082	Normal	 Bone marrow mononuclear cells (BMMCs)	male	Fresh frozen	CD4+ Naive	mononuclear cells	5' Chromium Single Cell	CellRanger v.5.0	19 years	Unassigned	Unassigned	Unassigned	Unassigned	Unassigned	Unassigned	Unassigned	Unassigned	Control young	Aspirate	Normal	GRCh38	enriched using a pan T-cell isolation kit/sorted for live CD45+CD3+ cells	True	naive / central memory T cells	-6.3325915	0.80716074
GTGAAGGGTACTCAAC-1	2336.0	978.0	0.0505137	2020-03-18-82	Small (0 < X <= 0.01)	Single (0 < X <= 1)	X2020.03.18.82	Control0082_BM_Tcells	Control0082	Normal	 Bone marrow mononuclear cells (BMMCs)	male	Fresh frozen	CD8+ GZMK+	mononuclear cells	5' Chromium Single Cell	CellRanger v.5.0	19 years	Unassigned	Unassigned	Unassigned	Unassigned	Unassigned	Unassigned	Unassigned	Unassigned	Control young	Aspirate	Normal	GRCh38	enriched using a pan T-cell isolation kit/sorted for live CD45+CD3+ cells	True	terminal effector T cells	1.8690424	0.20022793
GTGAAGGGTTAAGTAG-1	2088.0	889.0	0.038314175	2020-03-18-82	Small (0 < X <= 0.01)	Single (0 < X <= 1)	X2020.03.18.82	Control0082_BM_Tcells	Control0082	Normal	 Bone marrow mononuclear cells (BMMCs)	male	Fresh frozen	CD4+ Naive	mononuclear cells	5' Chromium Single Cell	CellRanger v.5.0	19 years	Unassigned	Unassigned	Unassigned	Unassigned	Unassigned	Unassigned	Unassigned	Unassigned	Control young	Aspirate	Normal	GRCh38	enriched using a pan T-cell isolation kit/sorted for live CD45+CD3+ cells	True	naive / central memory T cells	-6.672006	-0.2525251
GTGCAGCCATGGATGG-1	1171.0	618.0	0.011955594	2020-03-18-82	Small (0 < X <= 0.01)	Single (0 < X <= 1)	X2020.03.18.82	Control0082_BM_Tcells	Control0082	Normal	 Bone marrow mononuclear cells (BMMCs)	male	Fresh frozen	CD8+ GZMK+	mononuclear cells	5' Chromium Single Cell	CellRanger v.5.0	19 years	Unassigned	Unassigned	Unassigned	Unassigned	Unassigned	Unassigned	Unassigned	Unassigned	Control young	Aspirate	Normal	GRCh38	enriched using a pan T-cell isolation kit/sorted for live CD45+CD3+ cells	True	terminal effector T cells	1.78178	0.083002634
GTGCAGCTCATCTGCC-1	4304.0	1486.0	0.027184015	2020-03-18-82	Small (0 < X <= 0.01)	Medium (5 < X <= 20)	X2020.03.18.82	Control0082_BM_Tcells	Control0082	Normal	 Bone marrow mononuclear cells (BMMCs)	male	Fresh frozen	Gamma-delta T cell (gd T)	mononuclear cells	5' Chromium Single Cell	CellRanger v.5.0	19 years	Unassigned	Unassigned	Unassigned	Unassigned	Unassigned	Unassigned	Unassigned	Unassigned	Control young	Aspirate	Normal	GRCh38	enriched using a pan T-cell isolation kit/sorted for live CD45+CD3+ cells	True	terminal effector T cells	7.160785	-0.4277668
GTGCATACACATGTGT-1	2036.0	946.0	0.021119842	2020-03-18-82	Small (0 < X <= 0.01)	Single (0 < X <= 1)	X2020.03.18.82	Control0082_BM_Tcells	Control0082	Normal	 Bone marrow mononuclear cells (BMMCs)	male	Fresh frozen	CD8+ tissue-resident memory T (TRM)	mononuclear cells	5' Chromium Single Cell	CellRanger v.5.0	19 years	Unassigned	Unassigned	Unassigned	Unassigned	Unassigned	Unassigned	Unassigned	Unassigned	Control young	Aspirate	Normal	GRCh38	enriched using a pan T-cell isolation kit/sorted for live CD45+CD3+ cells	True	transitional T cells	0.35188854	-0.30514467
GTGCATAGTACCATCA-1	1910.0	921.0	0.041884817	2020-03-18-82	Small (0 < X <= 0.01)	Single (0 < X <= 1)	X2020.03.18.82	Control0082_BM_Tcells	Control0082	Normal	 Bone marrow mononuclear cells (BMMCs)	male	Fresh frozen	CD8+ GZMK+	mononuclear cells	5' Chromium Single Cell	CellRanger v.5.0	19 years	Unassigned	Unassigned	Unassigned	Unassigned	Unassigned	Unassigned	Unassigned	Unassigned	Control young	Aspirate	Normal	GRCh38	enriched using a pan T-cell isolation kit/sorted for live CD45+CD3+ cells	True	terminal effector T cells	2.6104293	1.6581342
GTGCGGTAGATCACGG-1	1875.0	866.0	0.0176	2020-03-18-82	Small (0 < X <= 0.01)	Single (0 < X <= 1)	X2020.03.18.82	Control0082_BM_Tcells	Control0082	Normal	 Bone marrow mononuclear cells (BMMCs)	male	Fresh frozen	CD8+ GZMK+	mononuclear cells	5' Chromium Single Cell	CellRanger v.5.0	19 years	Unassigned	Unassigned	Unassigned	Unassigned	Unassigned	Unassigned	Unassigned	Unassigned	Control young	Aspirate	Normal	GRCh38	enriched using a pan T-cell isolation kit/sorted for live CD45+CD3+ cells	True	terminal effector T cells	2.361252	0.40540874
GTGCGGTTCACTTACT-1	2675.0	1095.0	0.04186916	2020-03-18-82	Small (0 < X <= 0.01)	Medium (5 < X <= 20)	X2020.03.18.82	Control0082_BM_Tcells	Control0082	Normal	 Bone marrow mononuclear cells (BMMCs)	male	Fresh frozen	Gamma-delta T cell (gd T)	mononuclear cells	5' Chromium Single Cell	CellRanger v.5.0	19 years	Unassigned	Unassigned	Unassigned	Unassigned	Unassigned	Unassigned	Unassigned	Unassigned	Control young	Aspirate	Normal	GRCh38	enriched using a pan T-cell isolation kit/sorted for live CD45+CD3+ cells	True	terminal effector T cells	6.6197305	-2.4541779
GTGCGGTTCCGAAGAG-1	2348.0	1142.0	0.014480409	2020-03-18-82	Small (0 < X <= 0.01)	Small (1 < X <= 5)	X2020.03.18.82	Control0082_BM_Tcells	Control0082	Normal	 Bone marrow mononuclear cells (BMMCs)	male	Fresh frozen	CD8+ GZMK+	mononuclear cells	5' Chromium Single Cell	CellRanger v.5.0	19 years	Unassigned	Unassigned	Unassigned	Unassigned	Unassigned	Unassigned	Unassigned	Unassigned	Control young	Aspirate	Normal	GRCh38	enriched using a pan T-cell isolation kit/sorted for live CD45+CD3+ cells	True	terminal effector T cells	3.2311559	0.3557036
GTGCTTCCACACTGCG-1	1828.0	884.0	0.009846827	2020-03-18-82	Small (0 < X <= 0.01)	Single (0 < X <= 1)	X2020.03.18.82	Control0082_BM_Tcells	Control0082	Normal	 Bone marrow mononuclear cells (BMMCs)	male	Fresh frozen	CD8+ GZMK+	mononuclear cells	5' Chromium Single Cell	CellRanger v.5.0	19 years	Unassigned	Unassigned	Unassigned	Unassigned	Unassigned	Unassigned	Unassigned	Unassigned	Control young	Aspirate	Normal	GRCh38	enriched using a pan T-cell isolation kit/sorted for live CD45+CD3+ cells	True	terminal effector T cells	2.6288362	1.0840938
GTGTGCGAGAGTGAGA-1	1706.0	845.0	0.020515826	2020-03-18-82	Small (0 < X <= 0.01)	Single (0 < X <= 1)	X2020.03.18.82	Control0082_BM_Tcells	Control0082	Normal	 Bone marrow mononuclear cells (BMMCs)	male	Fresh frozen	CD8+ Naive	mononuclear cells	5' Chromium Single Cell	CellRanger v.5.0	19 years	Unassigned	Unassigned	Unassigned	Unassigned	Unassigned	Unassigned	Unassigned	Unassigned	Control young	Aspirate	Normal	GRCh38	enriched using a pan T-cell isolation kit/sorted for live CD45+CD3+ cells	True	naive / central memory T cells	-3.355276	-2.9333873
GTGTGCGAGCTTCGCG-1	1559.0	784.0	0.01411161	2020-03-18-82	Small (0 < X <= 0.01)	Single (0 < X <= 1)	X2020.03.18.82	Control0082_BM_Tcells	Control0082	Normal	 Bone marrow mononuclear cells (BMMCs)	male	Fresh frozen	CD8+ GZMK+	mononuclear cells	5' Chromium Single Cell	CellRanger v.5.0	19 years	Unassigned	Unassigned	Unassigned	Unassigned	Unassigned	Unassigned	Unassigned	Unassigned	Control young	Aspirate	Normal	GRCh38	enriched using a pan T-cell isolation kit/sorted for live CD45+CD3+ cells	True	terminal effector T cells	2.969509	0.66485286
GTGTGCGAGGATGTAT-1	2051.0	874.0	0.013651877	2020-03-18-82	Small (0 < X <= 0.01)	Single (0 < X <= 1)	X2020.03.18.82	Control0082_BM_Tcells	Control0082	Normal	 Bone marrow mononuclear cells (BMMCs)	male	Fresh frozen	CD4+ central memory T (CD4+ TCM)	mononuclear cells	5' Chromium Single Cell	CellRanger v.5.0	19 years	Unassigned	Unassigned	Unassigned	Unassigned	Unassigned	Unassigned	Unassigned	Unassigned	Control young	Aspirate	Normal	GRCh38	enriched using a pan T-cell isolation kit/sorted for live CD45+CD3+ cells	True	naive / central memory T cells	-5.961418	-0.385862
GTGTGCGGTACCATCA-1	2001.0	883.0	0.025487257	2020-03-18-82	Small (0 < X <= 0.01)	Single (0 < X <= 1)	X2020.03.18.82	Control0082_BM_Tcells	Control0082	Normal	 Bone marrow mononuclear cells (BMMCs)	male	Fresh frozen	CD8+ Naive	mononuclear cells	5' Chromium Single Cell	CellRanger v.5.0	19 years	Unassigned	Unassigned	Unassigned	Unassigned	Unassigned	Unassigned	Unassigned	Unassigned	Control young	Aspirate	Normal	GRCh38	enriched using a pan T-cell isolation kit/sorted for live CD45+CD3+ cells	True	naive / central memory T cells	-3.500707	-2.0610332
GTGTTAGAGACTAGGC-1	5232.0	1838.0	0.033065747	2020-03-18-82	Small (0 < X <= 0.01)	Single (0 < X <= 1)	X2020.03.18.82	Control0082_BM_Tcells	Control0082	Normal	 Bone marrow mononuclear cells (BMMCs)	male	Fresh frozen	Gamma-delta T cell (gd T)	mononuclear cells	5' Chromium Single Cell	CellRanger v.5.0	19 years	Unassigned	Unassigned	Unassigned	Unassigned	Unassigned	Unassigned	Unassigned	Unassigned	Control young	Aspirate	Normal	GRCh38	enriched using a pan T-cell isolation kit/sorted for live CD45+CD3+ cells	True	terminal effector T cells	6.322508	-0.88969743
GTTAAGCAGTAGGTGC-1	1173.0	620.0	0.06223359	2020-03-18-82	Small (0 < X <= 0.01)	Single (0 < X <= 1)	X2020.03.18.82	Control0082_BM_Tcells	Control0082	Normal	 Bone marrow mononuclear cells (BMMCs)	male	Fresh frozen	CD8+ Cytotoxic	mononuclear cells	5' Chromium Single Cell	CellRanger v.5.0	19 years	Unassigned	Unassigned	Unassigned	Unassigned	Unassigned	Unassigned	Unassigned	Unassigned	Control young	Aspirate	Normal	GRCh38	enriched using a pan T-cell isolation kit/sorted for live CD45+CD3+ cells	True	terminal effector T cells	6.950178	-3.7981668
GTTAAGCAGTGGACGT-1	1869.0	887.0	0.021401819	2020-03-18-82	Small (0 < X <= 0.01)	Single (0 < X <= 1)	X2020.03.18.82	Control0082_BM_Tcells	Control0082	Normal	 Bone marrow mononuclear cells (BMMCs)	male	Fresh frozen	CD8+ Cytotoxic	mononuclear cells	5' Chromium Single Cell	CellRanger v.5.0	19 years	Unassigned	Unassigned	Unassigned	Unassigned	Unassigned	Unassigned	Unassigned	Unassigned	Control young	Aspirate	Normal	GRCh38	enriched using a pan T-cell isolation kit/sorted for live CD45+CD3+ cells	True	terminal effector T cells	7.502087	-3.7717762
GTTAAGCCAGATCGGA-1	1885.0	838.0	0.03607427	2020-03-18-82	Small (0 < X <= 0.01)	Single (0 < X <= 1)	X2020.03.18.82	Control0082_BM_Tcells	Control0082	Normal	 Bone marrow mononuclear cells (BMMCs)	male	Fresh frozen	Gamma-delta T cell (gd T)	mononuclear cells	5' Chromium Single Cell	CellRanger v.5.0	19 years	Unassigned	Unassigned	Unassigned	Unassigned	Unassigned	Unassigned	Unassigned	Unassigned	Control young	Aspirate	Normal	GRCh38	enriched using a pan T-cell isolation kit/sorted for live CD45+CD3+ cells	True	terminal effector T cells	5.6026545	-2.8650086
GTTAAGCTCATACGGT-1	3471.0	1209.0	0.019302795	2020-03-18-82	Small (0 < X <= 0.01)	Single (0 < X <= 1)	X2020.03.18.82	Control0082_BM_Tcells	Control0082	Normal	 Bone marrow mononuclear cells (BMMCs)	male	Fresh frozen	CD4+ Naive	mononuclear cells	5' Chromium Single Cell	CellRanger v.5.0	19 years	Unassigned	Unassigned	Unassigned	Unassigned	Unassigned	Unassigned	Unassigned	Unassigned	Control young	Aspirate	Normal	GRCh38	enriched using a pan T-cell isolation kit/sorted for live CD45+CD3+ cells	True	naive / central memory T cells	-5.828662	-0.44650054
GTTAAGCTCCAGTATG-1	1807.0	950.0	0.03541782	2020-03-18-82	Small (0 < X <= 0.01)	Single (0 < X <= 1)	X2020.03.18.82	Control0082_BM_Tcells	Control0082	Normal	 Bone marrow mononuclear cells (BMMCs)	male	Fresh frozen	CD8+ NK-like	mononuclear cells	5' Chromium Single Cell	CellRanger v.5.0	19 years	Unassigned	Unassigned	Unassigned	Unassigned	Unassigned	Unassigned	Unassigned	Unassigned	Control young	Aspirate	Normal	GRCh38	enriched using a pan T-cell isolation kit/sorted for live CD45+CD3+ cells	True	terminal effector T cells	4.239621	2.077364
GTTACAGGTCTAGTCA-1	1706.0	823.0	0.011723329	2020-03-18-82	Small (0 < X <= 0.01)	Small (1 < X <= 5)	X2020.03.18.82	Control0082_BM_Tcells	Control0082	Normal	 Bone marrow mononuclear cells (BMMCs)	male	Fresh frozen	CD8+ GZMK+	mononuclear cells	5' Chromium Single Cell	CellRanger v.5.0	19 years	Unassigned	Unassigned	Unassigned	Unassigned	Unassigned	Unassigned	Unassigned	Unassigned	Control young	Aspirate	Normal	GRCh38	enriched using a pan T-cell isolation kit/sorted for live CD45+CD3+ cells	True	terminal effector T cells	2.1357682	-0.39904845
GTTCATTGTATTCTCT-1	2851.0	1071.0	0.020694492	2020-03-18-82	Small (0 < X <= 0.01)	Single (0 < X <= 1)	X2020.03.18.82	Control0082_BM_Tcells	Control0082	Normal	 Bone marrow mononuclear cells (BMMCs)	male	Fresh frozen	CD4+ central memory T (CD4+ TCM)	mononuclear cells	5' Chromium Single Cell	CellRanger v.5.0	19 years	Unassigned	Unassigned	Unassigned	Unassigned	Unassigned	Unassigned	Unassigned	Unassigned	Control young	Aspirate	Normal	GRCh38	enriched using a pan T-cell isolation kit/sorted for live CD45+CD3+ cells	True	naive / central memory T cells	-5.858745	1.9098291
GTTCATTTCCTGCCAT-1	1439.0	727.0	0.042390548	2020-03-18-82	Small (0 < X <= 0.01)	Single (0 < X <= 1)	X2020.03.18.82	Control0082_BM_Tcells	Control0082	Normal	 Bone marrow mononuclear cells (BMMCs)	male	Fresh frozen	CD4+ Naive	mononuclear cells	5' Chromium Single Cell	CellRanger v.5.0	19 years	Unassigned	Unassigned	Unassigned	Unassigned	Unassigned	Unassigned	Unassigned	Unassigned	Control young	Aspirate	Normal	GRCh38	enriched using a pan T-cell isolation kit/sorted for live CD45+CD3+ cells	True	naive / central memory T cells	-5.191798	-0.7100651
GTTCGGGCATTGCGGC-1	1970.0	896.0	0.03959391	2020-03-18-82	Small (0 < X <= 0.01)	Small (1 < X <= 5)	X2020.03.18.82	Control0082_BM_Tcells	Control0082	Normal	 Bone marrow mononuclear cells (BMMCs)	male	Fresh frozen	CD8+ GZMK+	mononuclear cells	5' Chromium Single Cell	CellRanger v.5.0	19 years	Unassigned	Unassigned	Unassigned	Unassigned	Unassigned	Unassigned	Unassigned	Unassigned	Control young	Aspirate	Normal	GRCh38	enriched using a pan T-cell isolation kit/sorted for live CD45+CD3+ cells	True	terminal effector T cells	3.105183	-0.08494698
GTTTCTACACATTTCT-1	1978.0	947.0	0.019716885	2020-03-18-82	Small (0 < X <= 0.01)	Single (0 < X <= 1)	X2020.03.18.82	Control0082_BM_Tcells	Control0082	Normal	 Bone marrow mononuclear cells (BMMCs)	male	Fresh frozen	CD8+ GZMK+	mononuclear cells	5' Chromium Single Cell	CellRanger v.5.0	19 years	Unassigned	Unassigned	Unassigned	Unassigned	Unassigned	Unassigned	Unassigned	Unassigned	Control young	Aspirate	Normal	GRCh38	enriched using a pan T-cell isolation kit/sorted for live CD45+CD3+ cells	True	terminal effector T cells	-3.538674	-2.2988899
TAAACCGTCCTCAATT-1	1507.0	740.0	0.0331785	2020-03-18-82	Small (0 < X <= 0.01)	Single (0 < X <= 1)	X2020.03.18.82	Control0082_BM_Tcells	Control0082	Normal	 Bone marrow mononuclear cells (BMMCs)	male	Fresh frozen	CD8+ GZMK+	mononuclear cells	5' Chromium Single Cell	CellRanger v.5.0	19 years	Unassigned	Unassigned	Unassigned	Unassigned	Unassigned	Unassigned	Unassigned	Unassigned	Control young	Aspirate	Normal	GRCh38	enriched using a pan T-cell isolation kit/sorted for live CD45+CD3+ cells	True	terminal effector T cells	2.1350322	0.6147083
TAAGAGAAGGGCACTA-1	1460.0	759.0	0.024657534	2020-03-18-82	Large (0.01 < X <= 0.1)	Large (20 < X <= 100)	X2020.03.18.82	Control0082_BM_Tcells	Control0082	Normal	 Bone marrow mononuclear cells (BMMCs)	male	Fresh frozen	CD8+ Cytotoxic	mononuclear cells	5' Chromium Single Cell	CellRanger v.5.0	19 years	Unassigned	Unassigned	Unassigned	Unassigned	Unassigned	Unassigned	Unassigned	Unassigned	Control young	Aspirate	Normal	GRCh38	enriched using a pan T-cell isolation kit/sorted for live CD45+CD3+ cells	True	terminal effector T cells	7.69501	-3.998715
TAAGTGCAGGAATCGC-1	2255.0	1002.0	0.029268293	2020-03-18-82	Small (0 < X <= 0.01)	Medium (5 < X <= 20)	X2020.03.18.82	Control0082_BM_Tcells	Control0082	Normal	 Bone marrow mononuclear cells (BMMCs)	male	Fresh frozen	CD8+ GZMK+	mononuclear cells	5' Chromium Single Cell	CellRanger v.5.0	19 years	Unassigned	Unassigned	Unassigned	Unassigned	Unassigned	Unassigned	Unassigned	Unassigned	Control young	Aspirate	Normal	GRCh38	enriched using a pan T-cell isolation kit/sorted for live CD45+CD3+ cells	True	terminal effector T cells	2.061715	-0.70023763
TACACGAAGGAACTGC-1	1715.0	839.0	0.011661808	2020-03-18-82	Small (0 < X <= 0.01)	Single (0 < X <= 1)	X2020.03.18.82	Control0082_BM_Tcells	Control0082	Normal	 Bone marrow mononuclear cells (BMMCs)	male	Fresh frozen	Gamma-delta T cell (gd T)	mononuclear cells	5' Chromium Single Cell	CellRanger v.5.0	19 years	Unassigned	Unassigned	Unassigned	Unassigned	Unassigned	Unassigned	Unassigned	Unassigned	Control young	Aspirate	Normal	GRCh38	enriched using a pan T-cell isolation kit/sorted for live CD45+CD3+ cells	True	terminal effector T cells	1.9012623	2.3439515
TACACGAAGTTTGCGT-1	3127.0	1225.0	0.029101375	2020-03-18-82	Small (0 < X <= 0.01)	Single (0 < X <= 1)	X2020.03.18.82	Control0082_BM_Tcells	Control0082	Normal	 Bone marrow mononuclear cells (BMMCs)	male	Fresh frozen	Gamma-delta T cell (gd T)	mononuclear cells	5' Chromium Single Cell	CellRanger v.5.0	19 years	Unassigned	Unassigned	Unassigned	Unassigned	Unassigned	Unassigned	Unassigned	Unassigned	Control young	Aspirate	Normal	GRCh38	enriched using a pan T-cell isolation kit/sorted for live CD45+CD3+ cells	True	terminal effector T cells	4.0150156	-1.3270575
TACAGTGCACGTTGGC-1	1844.0	839.0	0.03579176	2020-03-18-82	Small (0 < X <= 0.01)	Small (1 < X <= 5)	X2020.03.18.82	Control0082_BM_Tcells	Control0082	Normal	 Bone marrow mononuclear cells (BMMCs)	male	Fresh frozen	CD8+ Cytotoxic	mononuclear cells	5' Chromium Single Cell	CellRanger v.5.0	19 years	Unassigned	Unassigned	Unassigned	Unassigned	Unassigned	Unassigned	Unassigned	Unassigned	Control young	Aspirate	Normal	GRCh38	enriched using a pan T-cell isolation kit/sorted for live CD45+CD3+ cells	True	terminal effector T cells	7.589236	-3.9734926
TACCTTAAGATAGCAT-1	2772.0	1052.0	0.01984127	2020-03-18-82	Small (0 < X <= 0.01)	Single (0 < X <= 1)	X2020.03.18.82	Control0082_BM_Tcells	Control0082	Normal	 Bone marrow mononuclear cells (BMMCs)	male	Fresh frozen	CD4+ Naive	mononuclear cells	5' Chromium Single Cell	CellRanger v.5.0	19 years	Unassigned	Unassigned	Unassigned	Unassigned	Unassigned	Unassigned	Unassigned	Unassigned	Control young	Aspirate	Normal	GRCh38	enriched using a pan T-cell isolation kit/sorted for live CD45+CD3+ cells	True	naive / central memory T cells	-6.457386	0.9544516
TACCTTACACCGATAT-1	1689.0	835.0	0.030195381	2020-03-18-82	Small (0 < X <= 0.01)	Single (0 < X <= 1)	X2020.03.18.82	Control0082_BM_Tcells	Control0082	Normal	 Bone marrow mononuclear cells (BMMCs)	male	Fresh frozen	CD8+ GZMK+	mononuclear cells	5' Chromium Single Cell	CellRanger v.5.0	19 years	Unassigned	Unassigned	Unassigned	Unassigned	Unassigned	Unassigned	Unassigned	Unassigned	Control young	Aspirate	Normal	GRCh38	enriched using a pan T-cell isolation kit/sorted for live CD45+CD3+ cells	True	terminal effector T cells	3.7523792	1.0487293
TACCTTAGTGTAATGA-1	1649.0	790.0	0.03274712	2020-03-18-82	Small (0 < X <= 0.01)	Single (0 < X <= 1)	X2020.03.18.82	Control0082_BM_Tcells	Control0082	Normal	 Bone marrow mononuclear cells (BMMCs)	male	Fresh frozen	CD8+ Cytotoxic	mononuclear cells	5' Chromium Single Cell	CellRanger v.5.0	19 years	Unassigned	Unassigned	Unassigned	Unassigned	Unassigned	Unassigned	Unassigned	Unassigned	Control young	Aspirate	Normal	GRCh38	enriched using a pan T-cell isolation kit/sorted for live CD45+CD3+ cells	True	terminal effector T cells	7.257082	-3.7543888
TACCTTATCCAATGGT-1	1773.0	894.0	0.026508743	2020-03-18-82	Large (0.01 < X <= 0.1)	Large (20 < X <= 100)	X2020.03.18.82	Control0082_BM_Tcells	Control0082	Normal	 Bone marrow mononuclear cells (BMMCs)	male	Fresh frozen	CD8+ GZMK+	mononuclear cells	5' Chromium Single Cell	CellRanger v.5.0	19 years	Unassigned	Unassigned	Unassigned	Unassigned	Unassigned	Unassigned	Unassigned	Unassigned	Control young	Aspirate	Normal	GRCh38	enriched using a pan T-cell isolation kit/sorted for live CD45+CD3+ cells	True	terminal effector T cells	3.0717747	-0.8800814
TACGGATCATACAGCT-1	2043.0	909.0	0.02496329	2020-03-18-82	Large (0.01 < X <= 0.1)	Medium (5 < X <= 20)	X2020.03.18.82	Control0082_BM_Tcells	Control0082	Normal	 Bone marrow mononuclear cells (BMMCs)	male	Fresh frozen	CD8+ GZMK+	mononuclear cells	5' Chromium Single Cell	CellRanger v.5.0	19 years	Unassigned	Unassigned	Unassigned	Unassigned	Unassigned	Unassigned	Unassigned	Unassigned	Control young	Aspirate	Normal	GRCh38	enriched using a pan T-cell isolation kit/sorted for live CD45+CD3+ cells	True	terminal effector T cells	3.0328805	0.20218857
TACGGATGTTACGCGC-1	3726.0	1544.0	0.024422973	2020-03-18-82	Small (0 < X <= 0.01)	Single (0 < X <= 1)	X2020.03.18.82	Control0082_BM_Tcells	Control0082	Normal	 Bone marrow mononuclear cells (BMMCs)	male	Fresh frozen	CD8+ NK-like	mononuclear cells	5' Chromium Single Cell	CellRanger v.5.0	19 years	Unassigned	Unassigned	Unassigned	Unassigned	Unassigned	Unassigned	Unassigned	Unassigned	Control young	Aspirate	Normal	GRCh38	enriched using a pan T-cell isolation kit/sorted for live CD45+CD3+ cells	True	terminal effector T cells	6.5489335	-1.1586248
TACGGGCCACCGCTAG-1	2438.0	1131.0	0.03609516	2020-03-18-82	Small (0 < X <= 0.01)	Single (0 < X <= 1)	X2020.03.18.82	Control0082_BM_Tcells	Control0082	Normal	 Bone marrow mononuclear cells (BMMCs)	male	Fresh frozen	CD8+ Cytotoxic	mononuclear cells	5' Chromium Single Cell	CellRanger v.5.0	19 years	Unassigned	Unassigned	Unassigned	Unassigned	Unassigned	Unassigned	Unassigned	Unassigned	Control young	Aspirate	Normal	GRCh38	enriched using a pan T-cell isolation kit/sorted for live CD45+CD3+ cells	True	terminal effector T cells	7.588776	-3.6138492
TACTCATAGAGACTAT-1	1182.0	600.0	0.024534687	2020-03-18-82	Small (0 < X <= 0.01)	Single (0 < X <= 1)	X2020.03.18.82	Control0082_BM_Tcells	Control0082	Normal	 Bone marrow mononuclear cells (BMMCs)	male	Fresh frozen	CD8+ GZMK+	mononuclear cells	5' Chromium Single Cell	CellRanger v.5.0	19 years	Unassigned	Unassigned	Unassigned	Unassigned	Unassigned	Unassigned	Unassigned	Unassigned	Control young	Aspirate	Normal	GRCh38	enriched using a pan T-cell isolation kit/sorted for live CD45+CD3+ cells	True	terminal effector T cells	3.0640562	-0.1727737
TACTCATCATCCTAGA-1	3717.0	1530.0	0.041162226	2020-03-18-82	Small (0 < X <= 0.01)	Single (0 < X <= 1)	X2020.03.18.82	Control0082_BM_Tcells	Control0082	Normal	 Bone marrow mononuclear cells (BMMCs)	male	Fresh frozen	CD8+ Naive	mononuclear cells	5' Chromium Single Cell	CellRanger v.5.0	19 years	Unassigned	Unassigned	Unassigned	Unassigned	Unassigned	Unassigned	Unassigned	Unassigned	Control young	Aspirate	Normal	GRCh38	enriched using a pan T-cell isolation kit/sorted for live CD45+CD3+ cells	True	naive / central memory T cells	-2.6993356	-3.09862
TACTTGTGTCCGAAGA-1	1913.0	823.0	0.015682174	2020-03-18-82	Small (0 < X <= 0.01)	Single (0 < X <= 1)	X2020.03.18.82	Control0082_BM_Tcells	Control0082	Normal	 Bone marrow mononuclear cells (BMMCs)	male	Fresh frozen	Gamma-delta T cell (gd T)	mononuclear cells	5' Chromium Single Cell	CellRanger v.5.0	19 years	Unassigned	Unassigned	Unassigned	Unassigned	Unassigned	Unassigned	Unassigned	Unassigned	Control young	Aspirate	Normal	GRCh38	enriched using a pan T-cell isolation kit/sorted for live CD45+CD3+ cells	True	terminal effector T cells	7.3118343	-3.8887677
TAGACCAGTTACTGAC-1	3958.0	1503.0	0.033350177	2020-03-18-82	Small (0 < X <= 0.01)	Single (0 < X <= 1)	X2020.03.18.82	Control0082_BM_Tcells	Control0082	Normal	 Bone marrow mononuclear cells (BMMCs)	male	Fresh frozen	Gamma-delta T cell (gd T)	mononuclear cells	5' Chromium Single Cell	CellRanger v.5.0	19 years	Unassigned	Unassigned	Unassigned	Unassigned	Unassigned	Unassigned	Unassigned	Unassigned	Control young	Aspirate	Normal	GRCh38	enriched using a pan T-cell isolation kit/sorted for live CD45+CD3+ cells	True	terminal effector T cells	4.5795937	-1.124045
TAGAGCTAGCAGCGTA-1	1614.0	754.0	0.03283767	2020-03-18-82	Small (0 < X <= 0.01)	Single (0 < X <= 1)	X2020.03.18.82	Control0082_BM_Tcells	Control0082	Normal	 Bone marrow mononuclear cells (BMMCs)	male	Fresh frozen	Gamma-delta T cell (gd T)	mononuclear cells	5' Chromium Single Cell	CellRanger v.5.0	19 years	Unassigned	Unassigned	Unassigned	Unassigned	Unassigned	Unassigned	Unassigned	Unassigned	Control young	Aspirate	Normal	GRCh38	enriched using a pan T-cell isolation kit/sorted for live CD45+CD3+ cells	True	terminal effector T cells	2.2684965	0.40885615
TAGAGCTGTAGAGGAA-1	1945.0	835.0	0.029305913	2020-03-18-82	Small (0 < X <= 0.01)	Single (0 < X <= 1)	X2020.03.18.82	Control0082_BM_Tcells	Control0082	Normal	 Bone marrow mononuclear cells (BMMCs)	male	Fresh frozen	CD4+ central memory T (CD4+ TCM)	mononuclear cells	5' Chromium Single Cell	CellRanger v.5.0	19 years	Unassigned	Unassigned	Unassigned	Unassigned	Unassigned	Unassigned	Unassigned	Unassigned	Control young	Aspirate	Normal	GRCh38	enriched using a pan T-cell isolation kit/sorted for live CD45+CD3+ cells	True	naive / central memory T cells	-5.2611938	2.7410233
TAGAGCTTCCTCAATT-1	3962.0	1545.0	0.028268551	2020-03-18-82	Small (0 < X <= 0.01)	Single (0 < X <= 1)	X2020.03.18.82	Control0082_BM_Tcells	Control0082	Normal	 Bone marrow mononuclear cells (BMMCs)	male	Fresh frozen	Gamma-delta T cell (gd T)	mononuclear cells	5' Chromium Single Cell	CellRanger v.5.0	19 years	Unassigned	Unassigned	Unassigned	Unassigned	Unassigned	Unassigned	Unassigned	Unassigned	Control young	Aspirate	Normal	GRCh38	enriched using a pan T-cell isolation kit/sorted for live CD45+CD3+ cells	True	terminal effector T cells	6.6094613	-0.17572056
TAGCCGGGTTCATGGT-1	1163.0	608.0	0.026655203	2020-03-18-82	Large (0.01 < X <= 0.1)	Medium (5 < X <= 20)	X2020.03.18.82	Control0082_BM_Tcells	Control0082	Normal	 Bone marrow mononuclear cells (BMMCs)	male	Fresh frozen	CD4+ Naive	mononuclear cells	5' Chromium Single Cell	CellRanger v.5.0	19 years	Unassigned	Unassigned	Unassigned	Unassigned	Unassigned	Unassigned	Unassigned	Unassigned	Control young	Aspirate	Normal	GRCh38	enriched using a pan T-cell isolation kit/sorted for live CD45+CD3+ cells	True	naive / central memory T cells	-4.88861	-0.3819661
TAGTTGGGTGCATCTA-1	1180.0	614.0	0.026271187	2020-03-18-82	Small (0 < X <= 0.01)	Single (0 < X <= 1)	X2020.03.18.82	Control0082_BM_Tcells	Control0082	Normal	 Bone marrow mononuclear cells (BMMCs)	male	Fresh frozen	Mucosal-associated invariant T (MAIT)	mononuclear cells	5' Chromium Single Cell	CellRanger v.5.0	19 years	Unassigned	Unassigned	Unassigned	Unassigned	Unassigned	Unassigned	Unassigned	Unassigned	Control young	Aspirate	Normal	GRCh38	enriched using a pan T-cell isolation kit/sorted for live CD45+CD3+ cells	True	transitional T cells	-1.681526	4.359907
TATCAGGCAGCCTATA-1	2791.0	1098.0	0.02866356	2020-03-18-82	Small (0 < X <= 0.01)	Single (0 < X <= 1)	X2020.03.18.82	Control0082_BM_Tcells	Control0082	Normal	 Bone marrow mononuclear cells (BMMCs)	male	Fresh frozen	CD8+ Cytotoxic	mononuclear cells	5' Chromium Single Cell	CellRanger v.5.0	19 years	Unassigned	Unassigned	Unassigned	Unassigned	Unassigned	Unassigned	Unassigned	Unassigned	Control young	Aspirate	Normal	GRCh38	enriched using a pan T-cell isolation kit/sorted for live CD45+CD3+ cells	True	terminal effector T cells	7.586271	-3.9162092
TATCTCACAGGCAGTA-1	2113.0	936.0	0.021296734	2020-03-18-82	Small (0 < X <= 0.01)	Single (0 < X <= 1)	X2020.03.18.82	Control0082_BM_Tcells	Control0082	Normal	 Bone marrow mononuclear cells (BMMCs)	male	Fresh frozen	Gamma-delta T cell (gd T)	mononuclear cells	5' Chromium Single Cell	CellRanger v.5.0	19 years	Unassigned	Unassigned	Unassigned	Unassigned	Unassigned	Unassigned	Unassigned	Unassigned	Control young	Aspirate	Normal	GRCh38	enriched using a pan T-cell isolation kit/sorted for live CD45+CD3+ cells	True	terminal effector T cells	0.2867829	-0.357103
TATCTCAGTAAGAGGA-1	2192.0	983.0	0.033302918	2020-03-18-82	Small (0 < X <= 0.01)	Small (1 < X <= 5)	X2020.03.18.82	Control0082_BM_Tcells	Control0082	Normal	 Bone marrow mononuclear cells (BMMCs)	male	Fresh frozen	Gamma-delta T cell (gd T)	mononuclear cells	5' Chromium Single Cell	CellRanger v.5.0	19 years	Unassigned	Unassigned	Unassigned	Unassigned	Unassigned	Unassigned	Unassigned	Unassigned	Control young	Aspirate	Normal	GRCh38	enriched using a pan T-cell isolation kit/sorted for live CD45+CD3+ cells	True	terminal effector T cells	5.003076	-1.9444264
TATGCCCCAGACGCCT-1	2010.0	923.0	0.03731343	2020-03-18-82	Large (0.01 < X <= 0.1)	Medium (5 < X <= 20)	X2020.03.18.82	Control0082_BM_Tcells	Control0082	Normal	 Bone marrow mononuclear cells (BMMCs)	male	Fresh frozen	Gamma-delta T cell (gd T)	mononuclear cells	5' Chromium Single Cell	CellRanger v.5.0	19 years	Unassigned	Unassigned	Unassigned	Unassigned	Unassigned	Unassigned	Unassigned	Unassigned	Control young	Aspirate	Normal	GRCh38	enriched using a pan T-cell isolation kit/sorted for live CD45+CD3+ cells	True	terminal effector T cells	5.076613	-2.876357
TATGCCCGTAGGGTAC-1	1618.0	834.0	0.04944376	2020-03-18-82	Small (0 < X <= 0.01)	Medium (5 < X <= 20)	X2020.03.18.82	Control0082_BM_Tcells	Control0082	Normal	 Bone marrow mononuclear cells (BMMCs)	male	Fresh frozen	Gamma-delta T cell (gd T)	mononuclear cells	5' Chromium Single Cell	CellRanger v.5.0	19 years	Unassigned	Unassigned	Unassigned	Unassigned	Unassigned	Unassigned	Unassigned	Unassigned	Control young	Aspirate	Normal	GRCh38	enriched using a pan T-cell isolation kit/sorted for live CD45+CD3+ cells	True	terminal effector T cells	2.6306896	1.0380689
TATGCCCTCCCATTTA-1	3023.0	1170.0	0.01918624	2020-03-18-82	Small (0 < X <= 0.01)	Single (0 < X <= 1)	X2020.03.18.82	Control0082_BM_Tcells	Control0082	Normal	 Bone marrow mononuclear cells (BMMCs)	male	Fresh frozen	CD8+ Naive	mononuclear cells	5' Chromium Single Cell	CellRanger v.5.0	19 years	Unassigned	Unassigned	Unassigned	Unassigned	Unassigned	Unassigned	Unassigned	Unassigned	Control young	Aspirate	Normal	GRCh38	enriched using a pan T-cell isolation kit/sorted for live CD45+CD3+ cells	True	naive / central memory T cells	-3.4041426	-3.1528854
TATTACCAGGCAGGTT-1	2747.0	1041.0	0.026574444	2020-03-18-82	Small (0 < X <= 0.01)	Single (0 < X <= 1)	X2020.03.18.82	Control0082_BM_Tcells	Control0082	Normal	 Bone marrow mononuclear cells (BMMCs)	male	Fresh frozen	CD8+ Naive	mononuclear cells	5' Chromium Single Cell	CellRanger v.5.0	19 years	Unassigned	Unassigned	Unassigned	Unassigned	Unassigned	Unassigned	Unassigned	Unassigned	Control young	Aspirate	Normal	GRCh38	enriched using a pan T-cell isolation kit/sorted for live CD45+CD3+ cells	True	naive / central memory T cells	-4.307839	-2.2250268
TATTACCGTGTAACGG-1	2414.0	1035.0	0.026097763	2020-03-18-82	Small (0 < X <= 0.01)	Single (0 < X <= 1)	X2020.03.18.82	Control0082_BM_Tcells	Control0082	Normal	 Bone marrow mononuclear cells (BMMCs)	male	Fresh frozen	CD8+ Naive	mononuclear cells	5' Chromium Single Cell	CellRanger v.5.0	19 years	Unassigned	Unassigned	Unassigned	Unassigned	Unassigned	Unassigned	Unassigned	Unassigned	Control young	Aspirate	Normal	GRCh38	enriched using a pan T-cell isolation kit/sorted for live CD45+CD3+ cells	True	naive / central memory T cells	-3.6701224	-2.2883751
TATTACCTCAAGCCTA-1	1920.0	824.0	0.057291668	2020-03-18-82	Small (0 < X <= 0.01)	Single (0 < X <= 1)	X2020.03.18.82	Control0082_BM_Tcells	Control0082	Normal	 Bone marrow mononuclear cells (BMMCs)	male	Fresh frozen	CD8+ Cytotoxic	mononuclear cells	5' Chromium Single Cell	CellRanger v.5.0	19 years	Unassigned	Unassigned	Unassigned	Unassigned	Unassigned	Unassigned	Unassigned	Unassigned	Control young	Aspirate	Normal	GRCh38	enriched using a pan T-cell isolation kit/sorted for live CD45+CD3+ cells	True	terminal effector T cells	7.2449856	-3.6343045
TCAACGACAGATGAGC-1	1576.0	719.0	0.020304568	2020-03-18-82	Small (0 < X <= 0.01)	Single (0 < X <= 1)	X2020.03.18.82	Control0082_BM_Tcells	Control0082	Normal	 Bone marrow mononuclear cells (BMMCs)	male	Fresh frozen	CD8+ Naive	mononuclear cells	5' Chromium Single Cell	CellRanger v.5.0	19 years	Unassigned	Unassigned	Unassigned	Unassigned	Unassigned	Unassigned	Unassigned	Unassigned	Control young	Aspirate	Normal	GRCh38	enriched using a pan T-cell isolation kit/sorted for live CD45+CD3+ cells	True	naive / central memory T cells	-3.3505437	-2.1380737
TCAACGAGTCCGAATT-1	1832.0	844.0	0.03548035	2020-03-18-82	Small (0 < X <= 0.01)	Single (0 < X <= 1)	X2020.03.18.82	Control0082_BM_Tcells	Control0082	Normal	 Bone marrow mononuclear cells (BMMCs)	male	Fresh frozen	CD8+ Cytotoxic	mononuclear cells	5' Chromium Single Cell	CellRanger v.5.0	19 years	Unassigned	Unassigned	Unassigned	Unassigned	Unassigned	Unassigned	Unassigned	Unassigned	Control young	Aspirate	Normal	GRCh38	enriched using a pan T-cell isolation kit/sorted for live CD45+CD3+ cells	True	terminal effector T cells	7.1209984	-3.2865748
TCAATCTCACTTCGAA-1	1771.0	911.0	0.044042915	2020-03-18-82	Small (0 < X <= 0.01)	Small (1 < X <= 5)	X2020.03.18.82	Control0082_BM_Tcells	Control0082	Normal	 Bone marrow mononuclear cells (BMMCs)	male	Fresh frozen	CD8+ NK-like	mononuclear cells	5' Chromium Single Cell	CellRanger v.5.0	19 years	Unassigned	Unassigned	Unassigned	Unassigned	Unassigned	Unassigned	Unassigned	Unassigned	Control young	Aspirate	Normal	GRCh38	enriched using a pan T-cell isolation kit/sorted for live CD45+CD3+ cells	True	terminal effector T cells	3.9461303	1.0580678
TCAATCTTCAGTGCAT-1	2429.0	1108.0	0.021407986	2020-03-18-82	Small (0 < X <= 0.01)	Single (0 < X <= 1)	X2020.03.18.82	Control0082_BM_Tcells	Control0082	Normal	 Bone marrow mononuclear cells (BMMCs)	male	Fresh frozen	CD8+ Naive	mononuclear cells	5' Chromium Single Cell	CellRanger v.5.0	19 years	Unassigned	Unassigned	Unassigned	Unassigned	Unassigned	Unassigned	Unassigned	Unassigned	Control young	Aspirate	Normal	GRCh38	enriched using a pan T-cell isolation kit/sorted for live CD45+CD3+ cells	True	naive / central memory T cells	-4.212326	-3.0465887
TCACAAGAGGGCATGT-1	1800.0	791.0	0.017777778	2020-03-18-82	Small (0 < X <= 0.01)	Single (0 < X <= 1)	X2020.03.18.82	Control0082_BM_Tcells	Control0082	Normal	 Bone marrow mononuclear cells (BMMCs)	male	Fresh frozen	CD4+ Naive	mononuclear cells	5' Chromium Single Cell	CellRanger v.5.0	19 years	Unassigned	Unassigned	Unassigned	Unassigned	Unassigned	Unassigned	Unassigned	Unassigned	Control young	Aspirate	Normal	GRCh38	enriched using a pan T-cell isolation kit/sorted for live CD45+CD3+ cells	True	naive / central memory T cells	-6.6474643	-1.0400981
TCACAAGCAGCCAATT-1	1593.0	785.0	0.0433145	2020-03-18-82	Large (0.01 < X <= 0.1)	Medium (5 < X <= 20)	X2020.03.18.82	Control0082_BM_Tcells	Control0082	Normal	 Bone marrow mononuclear cells (BMMCs)	male	Fresh frozen	CD8+ GZMK+	mononuclear cells	5' Chromium Single Cell	CellRanger v.5.0	19 years	Unassigned	Unassigned	Unassigned	Unassigned	Unassigned	Unassigned	Unassigned	Unassigned	Control young	Aspirate	Normal	GRCh38	enriched using a pan T-cell isolation kit/sorted for live CD45+CD3+ cells	True	terminal effector T cells	2.2662554	-0.050377958
TCACAAGGTGCATCTA-1	2194.0	992.0	0.060164083	2020-03-18-82	Small (0 < X <= 0.01)	Single (0 < X <= 1)	X2020.03.18.82	Control0082_BM_Tcells	Control0082	Normal	 Bone marrow mononuclear cells (BMMCs)	male	Fresh frozen	Mucosal-associated invariant T (MAIT)	mononuclear cells	5' Chromium Single Cell	CellRanger v.5.0	19 years	Unassigned	Unassigned	Unassigned	Unassigned	Unassigned	Unassigned	Unassigned	Unassigned	Control young	Aspirate	Normal	GRCh38	enriched using a pan T-cell isolation kit/sorted for live CD45+CD3+ cells	True	transitional T cells	2.919609	-1.2320639
TCAGATGCATAGGATA-1	2046.0	907.0	0.032258064	2020-03-18-82	Small (0 < X <= 0.01)	Small (1 < X <= 5)	X2020.03.18.82	Control0082_BM_Tcells	Control0082	Normal	 Bone marrow mononuclear cells (BMMCs)	male	Fresh frozen	CD8+ GZMK+	mononuclear cells	5' Chromium Single Cell	CellRanger v.5.0	19 years	Unassigned	Unassigned	Unassigned	Unassigned	Unassigned	Unassigned	Unassigned	Unassigned	Control young	Aspirate	Normal	GRCh38	enriched using a pan T-cell isolation kit/sorted for live CD45+CD3+ cells	True	terminal effector T cells	3.002828	2.0225408
TCAGCAACAGACGCAA-1	2030.0	912.0	0.027093597	2020-03-18-82	Large (0.01 < X <= 0.1)	Large (20 < X <= 100)	X2020.03.18.82	Control0082_BM_Tcells	Control0082	Normal	 Bone marrow mononuclear cells (BMMCs)	male	Fresh frozen	CD8+ GZMK+	mononuclear cells	5' Chromium Single Cell	CellRanger v.5.0	19 years	Unassigned	Unassigned	Unassigned	Unassigned	Unassigned	Unassigned	Unassigned	Unassigned	Control young	Aspirate	Normal	GRCh38	enriched using a pan T-cell isolation kit/sorted for live CD45+CD3+ cells	True	terminal effector T cells	3.363699	-0.393162
TCAGCTCTCCCATTTA-1	1478.0	727.0	0.021650879	2020-03-18-82	Large (0.01 < X <= 0.1)	Medium (5 < X <= 20)	X2020.03.18.82	Control0082_BM_Tcells	Control0082	Normal	 Bone marrow mononuclear cells (BMMCs)	male	Fresh frozen	CD8+ GZMK+	mononuclear cells	5' Chromium Single Cell	CellRanger v.5.0	19 years	Unassigned	Unassigned	Unassigned	Unassigned	Unassigned	Unassigned	Unassigned	Unassigned	Control young	Aspirate	Normal	GRCh38	enriched using a pan T-cell isolation kit/sorted for live CD45+CD3+ cells	True	terminal effector T cells	2.4588032	0.2185318
TCAGGATAGATTACCC-1	2145.0	962.0	0.021911422	2020-03-18-82	Small (0 < X <= 0.01)	Single (0 < X <= 1)	X2020.03.18.82	Control0082_BM_Tcells	Control0082	Normal	 Bone marrow mononuclear cells (BMMCs)	male	Fresh frozen	CD8+ GZMK+	mononuclear cells	5' Chromium Single Cell	CellRanger v.5.0	19 years	Unassigned	Unassigned	Unassigned	Unassigned	Unassigned	Unassigned	Unassigned	Unassigned	Control young	Aspirate	Normal	GRCh38	enriched using a pan T-cell isolation kit/sorted for live CD45+CD3+ cells	True	terminal effector T cells	3.4228394	0.35281086
TCAGGTAAGAGACTTA-1	1941.0	907.0	0.026275115	2020-03-18-82	Small (0 < X <= 0.01)	Small (1 < X <= 5)	X2020.03.18.82	Control0082_BM_Tcells	Control0082	Normal	 Bone marrow mononuclear cells (BMMCs)	male	Fresh frozen	CD8+ GZMK+	mononuclear cells	5' Chromium Single Cell	CellRanger v.5.0	19 years	Unassigned	Unassigned	Unassigned	Unassigned	Unassigned	Unassigned	Unassigned	Unassigned	Control young	Aspirate	Normal	GRCh38	enriched using a pan T-cell isolation kit/sorted for live CD45+CD3+ cells	True	terminal effector T cells	2.3617463	-0.91788185
TCAGGTACAGCCAGAA-1	1777.0	830.0	0.05346089	2020-03-18-82	Small (0 < X <= 0.01)	Single (0 < X <= 1)	X2020.03.18.82	Control0082_BM_Tcells	Control0082	Normal	 Bone marrow mononuclear cells (BMMCs)	male	Fresh frozen	CD8+ tissue-resident memory T (TRM)	mononuclear cells	5' Chromium Single Cell	CellRanger v.5.0	19 years	Unassigned	Unassigned	Unassigned	Unassigned	Unassigned	Unassigned	Unassigned	Unassigned	Control young	Aspirate	Normal	GRCh38	enriched using a pan T-cell isolation kit/sorted for live CD45+CD3+ cells	True	transitional T cells	-1.2037214	-0.15476392
TCAGGTAGTTCTGTTT-1	1256.0	626.0	0.10191083	2020-03-18-82	Large (0.01 < X <= 0.1)	Large (20 < X <= 100)	X2020.03.18.82	Control0082_BM_Tcells	Control0082	Normal	 Bone marrow mononuclear cells (BMMCs)	male	Fresh frozen	Gamma-delta T cell (gd T)	mononuclear cells	5' Chromium Single Cell	CellRanger v.5.0	19 years	Unassigned	Unassigned	Unassigned	Unassigned	Unassigned	Unassigned	Unassigned	Unassigned	Control young	Aspirate	Normal	GRCh38	enriched using a pan T-cell isolation kit/sorted for live CD45+CD3+ cells	True	terminal effector T cells	2.2191682	0.5171316
TCATTACCAGGGTACA-1	1992.0	874.0	0.035140563	2020-03-18-82	Small (0 < X <= 0.01)	Single (0 < X <= 1)	X2020.03.18.82	Control0082_BM_Tcells	Control0082	Normal	 Bone marrow mononuclear cells (BMMCs)	male	Fresh frozen	Mucosal-associated invariant T (MAIT)	mononuclear cells	5' Chromium Single Cell	CellRanger v.5.0	19 years	Unassigned	Unassigned	Unassigned	Unassigned	Unassigned	Unassigned	Unassigned	Unassigned	Control young	Aspirate	Normal	GRCh38	enriched using a pan T-cell isolation kit/sorted for live CD45+CD3+ cells	True	transitional T cells	-1.6680372	4.1018424
TCATTTGCATGATCCA-1	1727.0	768.0	0.029530978	2020-03-18-82	Small (0 < X <= 0.01)	Single (0 < X <= 1)	X2020.03.18.82	Control0082_BM_Tcells	Control0082	Normal	 Bone marrow mononuclear cells (BMMCs)	male	Fresh frozen	CD8+ Cytotoxic	mononuclear cells	5' Chromium Single Cell	CellRanger v.5.0	19 years	Unassigned	Unassigned	Unassigned	Unassigned	Unassigned	Unassigned	Unassigned	Unassigned	Control young	Aspirate	Normal	GRCh38	enriched using a pan T-cell isolation kit/sorted for live CD45+CD3+ cells	True	terminal effector T cells	7.253354	-3.6377673
TCCACACAGCAGCCTC-1	1964.0	912.0	0.026985744	2020-03-18-82	Small (0 < X <= 0.01)	Small (1 < X <= 5)	X2020.03.18.82	Control0082_BM_Tcells	Control0082	Normal	 Bone marrow mononuclear cells (BMMCs)	male	Fresh frozen	CD8+ GZMK+	mononuclear cells	5' Chromium Single Cell	CellRanger v.5.0	19 years	Unassigned	Unassigned	Unassigned	Unassigned	Unassigned	Unassigned	Unassigned	Unassigned	Control young	Aspirate	Normal	GRCh38	enriched using a pan T-cell isolation kit/sorted for live CD45+CD3+ cells	True	terminal effector T cells	2.9035053	-0.12083184
TCCACACCAGTATAAG-1	1530.0	829.0	0.02745098	2020-03-18-82	Small (0 < X <= 0.01)	Single (0 < X <= 1)	X2020.03.18.82	Control0082_BM_Tcells	Control0082	Normal	 Bone marrow mononuclear cells (BMMCs)	male	Fresh frozen	CD8+ GZMK+	mononuclear cells	5' Chromium Single Cell	CellRanger v.5.0	19 years	Unassigned	Unassigned	Unassigned	Unassigned	Unassigned	Unassigned	Unassigned	Unassigned	Control young	Aspirate	Normal	GRCh38	enriched using a pan T-cell isolation kit/sorted for live CD45+CD3+ cells	True	terminal effector T cells	2.5466402	1.0614234
TCCACACTCTGCTTGC-1	1690.0	781.0	0.043195266	2020-03-18-82	Small (0 < X <= 0.01)	Single (0 < X <= 1)	X2020.03.18.82	Control0082_BM_Tcells	Control0082	Normal	 Bone marrow mononuclear cells (BMMCs)	male	Fresh frozen	CD8+ Naive	mononuclear cells	5' Chromium Single Cell	CellRanger v.5.0	19 years	Unassigned	Unassigned	Unassigned	Unassigned	Unassigned	Unassigned	Unassigned	Unassigned	Control young	Aspirate	Normal	GRCh38	enriched using a pan T-cell isolation kit/sorted for live CD45+CD3+ cells	True	naive / central memory T cells	-4.5123763	-1.5719279
TCCCGATCACGAAAGC-1	1615.0	726.0	0.013622291	2020-03-18-82	Small (0 < X <= 0.01)	Single (0 < X <= 1)	X2020.03.18.82	Control0082_BM_Tcells	Control0082	Normal	 Bone marrow mononuclear cells (BMMCs)	male	Fresh frozen	CD8+ Naive	mononuclear cells	5' Chromium Single Cell	CellRanger v.5.0	19 years	Unassigned	Unassigned	Unassigned	Unassigned	Unassigned	Unassigned	Unassigned	Unassigned	Control young	Aspirate	Normal	GRCh38	enriched using a pan T-cell isolation kit/sorted for live CD45+CD3+ cells	True	naive / central memory T cells	-3.6131284	-2.1384683
TCGAGGCGTATCTGCA-1	3040.0	1243.0	0.02631579	2020-03-18-82	Small (0 < X <= 0.01)	Single (0 < X <= 1)	X2020.03.18.82	Control0082_BM_Tcells	Control0082	Normal	 Bone marrow mononuclear cells (BMMCs)	male	Fresh frozen	Gamma-delta T cell (gd T)	mononuclear cells	5' Chromium Single Cell	CellRanger v.5.0	19 years	Unassigned	Unassigned	Unassigned	Unassigned	Unassigned	Unassigned	Unassigned	Unassigned	Control young	Aspirate	Normal	GRCh38	enriched using a pan T-cell isolation kit/sorted for live CD45+CD3+ cells	True	terminal effector T cells	2.589243	1.3113972
TCGCGAGCAAAGCAAT-1	2207.0	1048.0	0.017217943	2020-03-18-82	Small (0 < X <= 0.01)	Single (0 < X <= 1)	X2020.03.18.82	Control0082_BM_Tcells	Control0082	Normal	 Bone marrow mononuclear cells (BMMCs)	male	Fresh frozen	CD8+ tissue-resident memory T (TRM)	mononuclear cells	5' Chromium Single Cell	CellRanger v.5.0	19 years	Unassigned	Unassigned	Unassigned	Unassigned	Unassigned	Unassigned	Unassigned	Unassigned	Control young	Aspirate	Normal	GRCh38	enriched using a pan T-cell isolation kit/sorted for live CD45+CD3+ cells	True	transitional T cells	0.27295995	-0.58859396
TCGCGAGCAAGCCATT-1	2065.0	998.0	0.033414043	2020-03-18-82	Small (0 < X <= 0.01)	Single (0 < X <= 1)	X2020.03.18.82	Control0082_BM_Tcells	Control0082	Normal	 Bone marrow mononuclear cells (BMMCs)	male	Fresh frozen	CD8+ NK-like	mononuclear cells	5' Chromium Single Cell	CellRanger v.5.0	19 years	Unassigned	Unassigned	Unassigned	Unassigned	Unassigned	Unassigned	Unassigned	Unassigned	Control young	Aspirate	Normal	GRCh38	enriched using a pan T-cell isolation kit/sorted for live CD45+CD3+ cells	True	terminal effector T cells	4.6955256	1.5469017
TCGGGACCAAATTGCC-1	2003.0	907.0	0.082875684	2020-03-18-82	Small (0 < X <= 0.01)	Medium (5 < X <= 20)	X2020.03.18.82	Control0082_BM_Tcells	Control0082	Normal	 Bone marrow mononuclear cells (BMMCs)	male	Fresh frozen	CD8+ Cytotoxic	mononuclear cells	5' Chromium Single Cell	CellRanger v.5.0	19 years	Unassigned	Unassigned	Unassigned	Unassigned	Unassigned	Unassigned	Unassigned	Unassigned	Control young	Aspirate	Normal	GRCh38	enriched using a pan T-cell isolation kit/sorted for live CD45+CD3+ cells	True	terminal effector T cells	5.111028	-2.5436962
TCGGGACTCAGTCCCT-1	2733.0	1098.0	0.047200877	2020-03-18-82	Small (0 < X <= 0.01)	Small (1 < X <= 5)	X2020.03.18.82	Control0082_BM_Tcells	Control0082	Normal	 Bone marrow mononuclear cells (BMMCs)	male	Fresh frozen	CD8+ NK-like	mononuclear cells	5' Chromium Single Cell	CellRanger v.5.0	19 years	Unassigned	Unassigned	Unassigned	Unassigned	Unassigned	Unassigned	Unassigned	Unassigned	Control young	Aspirate	Normal	GRCh38	enriched using a pan T-cell isolation kit/sorted for live CD45+CD3+ cells	True	terminal effector T cells	5.5100555	0.8708054
TCGGTAACAACACGCC-1	1457.0	734.0	0.04873027	2020-03-18-82	Small (0 < X <= 0.01)	Single (0 < X <= 1)	X2020.03.18.82	Control0082_BM_Tcells	Control0082	Normal	 Bone marrow mononuclear cells (BMMCs)	male	Fresh frozen	CD8+ GZMK+	mononuclear cells	5' Chromium Single Cell	CellRanger v.5.0	19 years	Unassigned	Unassigned	Unassigned	Unassigned	Unassigned	Unassigned	Unassigned	Unassigned	Control young	Aspirate	Normal	GRCh38	enriched using a pan T-cell isolation kit/sorted for live CD45+CD3+ cells	True	terminal effector T cells	1.3004615	0.4881913
TCGGTAATCACCATAG-1	2288.0	988.0	0.054195803	2020-03-18-82	Large (0.01 < X <= 0.1)	Large (20 < X <= 100)	X2020.03.18.82	Control0082_BM_Tcells	Control0082	Normal	 Bone marrow mononuclear cells (BMMCs)	male	Fresh frozen	CD8+ GZMK+	mononuclear cells	5' Chromium Single Cell	CellRanger v.5.0	19 years	Unassigned	Unassigned	Unassigned	Unassigned	Unassigned	Unassigned	Unassigned	Unassigned	Control young	Aspirate	Normal	GRCh38	enriched using a pan T-cell isolation kit/sorted for live CD45+CD3+ cells	True	terminal effector T cells	3.1429727	0.9584415
TCGTACCCAAGTTAAG-1	1686.0	789.0	0.012455516	2020-03-18-82	Large (0.01 < X <= 0.1)	Large (20 < X <= 100)	X2020.03.18.82	Control0082_BM_Tcells	Control0082	Normal	 Bone marrow mononuclear cells (BMMCs)	male	Fresh frozen	CD8+ GZMK+	mononuclear cells	5' Chromium Single Cell	CellRanger v.5.0	19 years	Unassigned	Unassigned	Unassigned	Unassigned	Unassigned	Unassigned	Unassigned	Unassigned	Control young	Aspirate	Normal	GRCh38	enriched using a pan T-cell isolation kit/sorted for live CD45+CD3+ cells	True	terminal effector T cells	3.411127	0.07806594
TCGTAGAGTTAAGACA-1	2495.0	1040.0	0.023246493	2020-03-18-82	Small (0 < X <= 0.01)	Single (0 < X <= 1)	X2020.03.18.82	Control0082_BM_Tcells	Control0082	Normal	 Bone marrow mononuclear cells (BMMCs)	male	Fresh frozen	CD4+ central memory T (CD4+ TCM)	mononuclear cells	5' Chromium Single Cell	CellRanger v.5.0	19 years	Unassigned	Unassigned	Unassigned	Unassigned	Unassigned	Unassigned	Unassigned	Unassigned	Control young	Aspirate	Normal	GRCh38	enriched using a pan T-cell isolation kit/sorted for live CD45+CD3+ cells	True	naive / central memory T cells	-6.1997523	2.3809474
TCTCATAAGTTAGCGG-1	1889.0	858.0	0.023292748	2020-03-18-82	Small (0 < X <= 0.01)	Single (0 < X <= 1)	X2020.03.18.82	Control0082_BM_Tcells	Control0082	Normal	 Bone marrow mononuclear cells (BMMCs)	male	Fresh frozen	CD8+ GZMK+	mononuclear cells	5' Chromium Single Cell	CellRanger v.5.0	19 years	Unassigned	Unassigned	Unassigned	Unassigned	Unassigned	Unassigned	Unassigned	Unassigned	Control young	Aspirate	Normal	GRCh38	enriched using a pan T-cell isolation kit/sorted for live CD45+CD3+ cells	True	terminal effector T cells	2.9920268	0.84334946
TCTCTAATCATTCACT-1	2153.0	973.0	0.019507663	2020-03-18-82	Large (0.01 < X <= 0.1)	Medium (5 < X <= 20)	X2020.03.18.82	Control0082_BM_Tcells	Control0082	Normal	 Bone marrow mononuclear cells (BMMCs)	male	Fresh frozen	CD4+ Naive	mononuclear cells	5' Chromium Single Cell	CellRanger v.5.0	19 years	Unassigned	Unassigned	Unassigned	Unassigned	Unassigned	Unassigned	Unassigned	Unassigned	Control young	Aspirate	Normal	GRCh38	enriched using a pan T-cell isolation kit/sorted for live CD45+CD3+ cells	True	naive / central memory T cells	-6.5270944	0.3323372
TCTGAGAAGCAATCTC-1	2151.0	904.0	0.027894003	2020-03-18-82	Small (0 < X <= 0.01)	Single (0 < X <= 1)	X2020.03.18.82	Control0082_BM_Tcells	Control0082	Normal	 Bone marrow mononuclear cells (BMMCs)	male	Fresh frozen	CD4+ central memory T (CD4+ TCM)	mononuclear cells	5' Chromium Single Cell	CellRanger v.5.0	19 years	Unassigned	Unassigned	Unassigned	Unassigned	Unassigned	Unassigned	Unassigned	Unassigned	Control young	Aspirate	Normal	GRCh38	enriched using a pan T-cell isolation kit/sorted for live CD45+CD3+ cells	True	naive / central memory T cells	-5.155626	2.5092041
TCTGGAACAGGTGCCT-1	1466.0	701.0	0.022510232	2020-03-18-82	Small (0 < X <= 0.01)	Single (0 < X <= 1)	X2020.03.18.82	Control0082_BM_Tcells	Control0082	Normal	 Bone marrow mononuclear cells (BMMCs)	male	Fresh frozen	CD8+ Naive	mononuclear cells	5' Chromium Single Cell	CellRanger v.5.0	19 years	Unassigned	Unassigned	Unassigned	Unassigned	Unassigned	Unassigned	Unassigned	Unassigned	Control young	Aspirate	Normal	GRCh38	enriched using a pan T-cell isolation kit/sorted for live CD45+CD3+ cells	True	naive / central memory T cells	-4.625467	-2.6441832
TCTTCGGCAGGCAGTA-1	2884.0	1067.0	0.029126214	2020-03-18-82	Small (0 < X <= 0.01)	Small (1 < X <= 5)	X2020.03.18.82	Control0082_BM_Tcells	Control0082	Normal	 Bone marrow mononuclear cells (BMMCs)	male	Fresh frozen	CD8+ Cytotoxic	mononuclear cells	5' Chromium Single Cell	CellRanger v.5.0	19 years	Unassigned	Unassigned	Unassigned	Unassigned	Unassigned	Unassigned	Unassigned	Unassigned	Control young	Aspirate	Normal	GRCh38	enriched using a pan T-cell isolation kit/sorted for live CD45+CD3+ cells	True	terminal effector T cells	7.177463	-3.7985992
TCTTCGGTCCTGCAGG-1	1502.0	760.0	0.027962716	2020-03-18-82	Small (0 < X <= 0.01)	Single (0 < X <= 1)	X2020.03.18.82	Control0082_BM_Tcells	Control0082	Normal	 Bone marrow mononuclear cells (BMMCs)	male	Fresh frozen	CD8+ GZMK+	mononuclear cells	5' Chromium Single Cell	CellRanger v.5.0	19 years	Unassigned	Unassigned	Unassigned	Unassigned	Unassigned	Unassigned	Unassigned	Unassigned	Control young	Aspirate	Normal	GRCh38	enriched using a pan T-cell isolation kit/sorted for live CD45+CD3+ cells	True	terminal effector T cells	2.8578947	0.25141168
TGAAAGAAGAATGTGT-1	2933.0	1113.0	0.029662462	2020-03-18-82	Small (0 < X <= 0.01)	Small (1 < X <= 5)	X2020.03.18.82	Control0082_BM_Tcells	Control0082	Normal	 Bone marrow mononuclear cells (BMMCs)	male	Fresh frozen	Gamma-delta T cell (gd T)	mononuclear cells	5' Chromium Single Cell	CellRanger v.5.0	19 years	Unassigned	Unassigned	Unassigned	Unassigned	Unassigned	Unassigned	Unassigned	Unassigned	Control young	Aspirate	Normal	GRCh38	enriched using a pan T-cell isolation kit/sorted for live CD45+CD3+ cells	True	terminal effector T cells	-0.97021985	0.57038325
TGAAAGAAGCTAAACA-1	1607.0	772.0	0.054138146	2020-03-18-82	Large (0.01 < X <= 0.1)	Medium (5 < X <= 20)	X2020.03.18.82	Control0082_BM_Tcells	Control0082	Normal	 Bone marrow mononuclear cells (BMMCs)	male	Fresh frozen	CD8+ GZMK+	mononuclear cells	5' Chromium Single Cell	CellRanger v.5.0	19 years	Unassigned	Unassigned	Unassigned	Unassigned	Unassigned	Unassigned	Unassigned	Unassigned	Control young	Aspirate	Normal	GRCh38	enriched using a pan T-cell isolation kit/sorted for live CD45+CD3+ cells	True	terminal effector T cells	3.6889296	-0.5695225
TGAAAGATCCTAGTGA-1	1451.0	703.0	0.023432115	2020-03-18-82	Small (0 < X <= 0.01)	Single (0 < X <= 1)	X2020.03.18.82	Control0082_BM_Tcells	Control0082	Normal	 Bone marrow mononuclear cells (BMMCs)	male	Fresh frozen	CD8+ GZMK+	mononuclear cells	5' Chromium Single Cell	CellRanger v.5.0	19 years	Unassigned	Unassigned	Unassigned	Unassigned	Unassigned	Unassigned	Unassigned	Unassigned	Control young	Aspirate	Normal	GRCh38	enriched using a pan T-cell isolation kit/sorted for live CD45+CD3+ cells	True	terminal effector T cells	1.5796381	0.75869024
TGACAACTCGCGATCG-1	3224.0	1244.0	0.10049628	2020-03-18-82	Small (0 < X <= 0.01)	Single (0 < X <= 1)	X2020.03.18.82	Control0082_BM_Tcells	Control0082	Normal	 Bone marrow mononuclear cells (BMMCs)	male	Fresh frozen	CD4+ central memory T (CD4+ TCM)	mononuclear cells	5' Chromium Single Cell	CellRanger v.5.0	19 years	Unassigned	Unassigned	Unassigned	Unassigned	Unassigned	Unassigned	Unassigned	Unassigned	Control young	Aspirate	Normal	GRCh38	enriched using a pan T-cell isolation kit/sorted for live CD45+CD3+ cells	True	naive / central memory T cells	-6.7556767	-1.9404126
TGACGGCAGCGTTCCG-1	1837.0	892.0	0.014153511	2020-03-18-82	Small (0 < X <= 0.01)	Single (0 < X <= 1)	X2020.03.18.82	Control0082_BM_Tcells	Control0082	Normal	 Bone marrow mononuclear cells (BMMCs)	male	Fresh frozen	CD8+ Cytotoxic	mononuclear cells	5' Chromium Single Cell	CellRanger v.5.0	19 years	Unassigned	Unassigned	Unassigned	Unassigned	Unassigned	Unassigned	Unassigned	Unassigned	Control young	Aspirate	Normal	GRCh38	enriched using a pan T-cell isolation kit/sorted for live CD45+CD3+ cells	True	terminal effector T cells	7.466787	-3.5180974
TGACGGCTCTTCTGGC-1	2385.0	1055.0	0.025995808	2020-03-18-82	Small (0 < X <= 0.01)	Small (1 < X <= 5)	X2020.03.18.82	Control0082_BM_Tcells	Control0082	Normal	 Bone marrow mononuclear cells (BMMCs)	male	Fresh frozen	CD8+ Cytotoxic	mononuclear cells	5' Chromium Single Cell	CellRanger v.5.0	19 years	Unassigned	Unassigned	Unassigned	Unassigned	Unassigned	Unassigned	Unassigned	Unassigned	Control young	Aspirate	Normal	GRCh38	enriched using a pan T-cell isolation kit/sorted for live CD45+CD3+ cells	True	terminal effector T cells	7.382595	-3.2362795
TGACTAGCAGGTCTCG-1	1914.0	871.0	0.025600836	2020-03-18-82	Small (0 < X <= 0.01)	Single (0 < X <= 1)	X2020.03.18.82	Control0082_BM_Tcells	Control0082	Normal	 Bone marrow mononuclear cells (BMMCs)	male	Fresh frozen	CD4+ Naive	mononuclear cells	5' Chromium Single Cell	CellRanger v.5.0	19 years	Unassigned	Unassigned	Unassigned	Unassigned	Unassigned	Unassigned	Unassigned	Unassigned	Control young	Aspirate	Normal	GRCh38	enriched using a pan T-cell isolation kit/sorted for live CD45+CD3+ cells	True	naive / central memory T cells	-5.689406	-1.4068025
TGACTTTGTTCCCGAG-1	1838.0	815.0	0.03155604	2020-03-18-82	Small (0 < X <= 0.01)	Small (1 < X <= 5)	X2020.03.18.82	Control0082_BM_Tcells	Control0082	Normal	 Bone marrow mononuclear cells (BMMCs)	male	Fresh frozen	CD8+ Cytotoxic	mononuclear cells	5' Chromium Single Cell	CellRanger v.5.0	19 years	Unassigned	Unassigned	Unassigned	Unassigned	Unassigned	Unassigned	Unassigned	Unassigned	Control young	Aspirate	Normal	GRCh38	enriched using a pan T-cell isolation kit/sorted for live CD45+CD3+ cells	True	terminal effector T cells	3.6104133	-1.2548617
TGACTTTTCCAAGCCG-1	1831.0	876.0	0.013107591	2020-03-18-82	Small (0 < X <= 0.01)	Single (0 < X <= 1)	X2020.03.18.82	Control0082_BM_Tcells	Control0082	Normal	 Bone marrow mononuclear cells (BMMCs)	male	Fresh frozen	CD8+ Naive	mononuclear cells	5' Chromium Single Cell	CellRanger v.5.0	19 years	Unassigned	Unassigned	Unassigned	Unassigned	Unassigned	Unassigned	Unassigned	Unassigned	Control young	Aspirate	Normal	GRCh38	enriched using a pan T-cell isolation kit/sorted for live CD45+CD3+ cells	True	naive / central memory T cells	-3.515182	-2.9831345
TGAGAGGAGCTAACAA-1	1909.0	878.0	0.06809848	2020-03-18-82	Small (0 < X <= 0.01)	Single (0 < X <= 1)	X2020.03.18.82	Control0082_BM_Tcells	Control0082	Normal	 Bone marrow mononuclear cells (BMMCs)	male	Fresh frozen	CD8+ NK-like	mononuclear cells	5' Chromium Single Cell	CellRanger v.5.0	19 years	Unassigned	Unassigned	Unassigned	Unassigned	Unassigned	Unassigned	Unassigned	Unassigned	Control young	Aspirate	Normal	GRCh38	enriched using a pan T-cell isolation kit/sorted for live CD45+CD3+ cells	True	terminal effector T cells	-0.085874684	-0.43926752
TGAGAGGCATATACGC-1	4129.0	1598.0	0.05158634	2020-03-18-82	Small (0 < X <= 0.01)	Single (0 < X <= 1)	X2020.03.18.82	Control0082_BM_Tcells	Control0082	Normal	 Bone marrow mononuclear cells (BMMCs)	male	Fresh frozen	Gamma-delta T cell (gd T)	mononuclear cells	5' Chromium Single Cell	CellRanger v.5.0	19 years	Unassigned	Unassigned	Unassigned	Unassigned	Unassigned	Unassigned	Unassigned	Unassigned	Control young	Aspirate	Normal	GRCh38	enriched using a pan T-cell isolation kit/sorted for live CD45+CD3+ cells	True	terminal effector T cells	-1.0131323	3.6767712
TGAGAGGTCTGAGGGA-1	1793.0	847.0	0.040156163	2020-03-18-82	Small (0 < X <= 0.01)	Single (0 < X <= 1)	X2020.03.18.82	Control0082_BM_Tcells	Control0082	Normal	 Bone marrow mononuclear cells (BMMCs)	male	Fresh frozen	CD8+ Naive	mononuclear cells	5' Chromium Single Cell	CellRanger v.5.0	19 years	Unassigned	Unassigned	Unassigned	Unassigned	Unassigned	Unassigned	Unassigned	Unassigned	Control young	Aspirate	Normal	GRCh38	enriched using a pan T-cell isolation kit/sorted for live CD45+CD3+ cells	True	naive / central memory T cells	-0.31251743	-0.46308362
TGAGCATCACAGTCGC-1	1634.0	778.0	0.025703795	2020-03-18-82	Small (0 < X <= 0.01)	Single (0 < X <= 1)	X2020.03.18.82	Control0082_BM_Tcells	Control0082	Normal	 Bone marrow mononuclear cells (BMMCs)	male	Fresh frozen	CD8+ Naive	mononuclear cells	5' Chromium Single Cell	CellRanger v.5.0	19 years	Unassigned	Unassigned	Unassigned	Unassigned	Unassigned	Unassigned	Unassigned	Unassigned	Control young	Aspirate	Normal	GRCh38	enriched using a pan T-cell isolation kit/sorted for live CD45+CD3+ cells	True	naive / central memory T cells	-3.6105902	-2.3072248
TGAGCATGTAGGCTGA-1	1671.0	784.0	0.023339318	2020-03-18-82	Small (0 < X <= 0.01)	Single (0 < X <= 1)	X2020.03.18.82	Control0082_BM_Tcells	Control0082	Normal	 Bone marrow mononuclear cells (BMMCs)	male	Fresh frozen	CD8+ GZMK+	mononuclear cells	5' Chromium Single Cell	CellRanger v.5.0	19 years	Unassigned	Unassigned	Unassigned	Unassigned	Unassigned	Unassigned	Unassigned	Unassigned	Control young	Aspirate	Normal	GRCh38	enriched using a pan T-cell isolation kit/sorted for live CD45+CD3+ cells	True	terminal effector T cells	3.6681814	-1.2071601
TGAGGGAGTACCGCTG-1	4101.0	1434.0	0.013655206	2020-03-18-82	Small (0 < X <= 0.01)	Single (0 < X <= 1)	X2020.03.18.82	Control0082_BM_Tcells	Control0082	Normal	 Bone marrow mononuclear cells (BMMCs)	male	Fresh frozen	Mucosal-associated invariant T (MAIT)	mononuclear cells	5' Chromium Single Cell	CellRanger v.5.0	19 years	Unassigned	Unassigned	Unassigned	Unassigned	Unassigned	Unassigned	Unassigned	Unassigned	Control young	Aspirate	Normal	GRCh38	enriched using a pan T-cell isolation kit/sorted for live CD45+CD3+ cells	True	transitional T cells	-1.9867235	3.597875
TGAGGGATCATGTGGT-1	1699.0	785.0	0.047675103	2020-03-18-82	Small (0 < X <= 0.01)	Small (1 < X <= 5)	X2020.03.18.82	Control0082_BM_Tcells	Control0082	Normal	 Bone marrow mononuclear cells (BMMCs)	male	Fresh frozen	CD8+ GZMK+	mononuclear cells	5' Chromium Single Cell	CellRanger v.5.0	19 years	Unassigned	Unassigned	Unassigned	Unassigned	Unassigned	Unassigned	Unassigned	Unassigned	Control young	Aspirate	Normal	GRCh38	enriched using a pan T-cell isolation kit/sorted for live CD45+CD3+ cells	True	terminal effector T cells	2.265928	0.77022725
TGATTTCAGGAACTGC-1	4165.0	1259.0	0.022809124	2020-03-18-82	Small (0 < X <= 0.01)	Single (0 < X <= 1)	X2020.03.18.82	Control0082_BM_Tcells	Control0082	Normal	 Bone marrow mononuclear cells (BMMCs)	male	Fresh frozen	CD4+ central memory T (CD4+ TCM)	mononuclear cells	5' Chromium Single Cell	CellRanger v.5.0	19 years	Unassigned	Unassigned	Unassigned	Unassigned	Unassigned	Unassigned	Unassigned	Unassigned	Control young	Aspirate	Normal	GRCh38	enriched using a pan T-cell isolation kit/sorted for live CD45+CD3+ cells	True	naive / central memory T cells	-4.6626697	1.5913928
TGATTTCTCACCGGGT-1	1508.0	717.0	0.084880635	2020-03-18-82	Small (0 < X <= 0.01)	Single (0 < X <= 1)	X2020.03.18.82	Control0082_BM_Tcells	Control0082	Normal	 Bone marrow mononuclear cells (BMMCs)	male	Fresh frozen	CD8+ GZMK+	mononuclear cells	5' Chromium Single Cell	CellRanger v.5.0	19 years	Unassigned	Unassigned	Unassigned	Unassigned	Unassigned	Unassigned	Unassigned	Unassigned	Control young	Aspirate	Normal	GRCh38	enriched using a pan T-cell isolation kit/sorted for live CD45+CD3+ cells	True	terminal effector T cells	2.2232604	2.1572516
TGATTTCTCCTCATTA-1	4983.0	1847.0	0.04415011	2020-03-18-82	Small (0 < X <= 0.01)	Single (0 < X <= 1)	X2020.03.18.82	Control0082_BM_Tcells	Control0082	Normal	 Bone marrow mononuclear cells (BMMCs)	male	Fresh frozen	CD8+ NK-like	mononuclear cells	5' Chromium Single Cell	CellRanger v.5.0	19 years	Unassigned	Unassigned	Unassigned	Unassigned	Unassigned	Unassigned	Unassigned	Unassigned	Control young	Aspirate	Normal	GRCh38	enriched using a pan T-cell isolation kit/sorted for live CD45+CD3+ cells	True	terminal effector T cells	6.4168563	0.2289917
TGCCAAAAGGCGACAT-1	1165.0	656.0	0.040343348	2020-03-18-82	Small (0 < X <= 0.01)	Single (0 < X <= 1)	X2020.03.18.82	Control0082_BM_Tcells	Control0082	Normal	 Bone marrow mononuclear cells (BMMCs)	male	Fresh frozen	CD8+ GZMK+	mononuclear cells	5' Chromium Single Cell	CellRanger v.5.0	19 years	Unassigned	Unassigned	Unassigned	Unassigned	Unassigned	Unassigned	Unassigned	Unassigned	Control young	Aspirate	Normal	GRCh38	enriched using a pan T-cell isolation kit/sorted for live CD45+CD3+ cells	True	terminal effector T cells	3.212441	0.6884267
TGCCAAATCTGGCGAC-1	1960.0	927.0	0.06989796	2020-03-18-82	Small (0 < X <= 0.01)	Small (1 < X <= 5)	X2020.03.18.82	Control0082_BM_Tcells	Control0082	Normal	 Bone marrow mononuclear cells (BMMCs)	male	Fresh frozen	CD8+ tissue-resident memory T (TRM)	mononuclear cells	5' Chromium Single Cell	CellRanger v.5.0	19 years	Unassigned	Unassigned	Unassigned	Unassigned	Unassigned	Unassigned	Unassigned	Unassigned	Control young	Aspirate	Normal	GRCh38	enriched using a pan T-cell isolation kit/sorted for live CD45+CD3+ cells	True	transitional T cells	1.360154	2.0779536
TGCCCATCATCTGGTA-1	2652.0	1215.0	0.04524887	2020-03-18-82	Large (0.01 < X <= 0.1)	Medium (5 < X <= 20)	X2020.03.18.82	Control0082_BM_Tcells	Control0082	Normal	 Bone marrow mononuclear cells (BMMCs)	male	Fresh frozen	CD8+ Cytotoxic	mononuclear cells	5' Chromium Single Cell	CellRanger v.5.0	19 years	Unassigned	Unassigned	Unassigned	Unassigned	Unassigned	Unassigned	Unassigned	Unassigned	Control young	Aspirate	Normal	GRCh38	enriched using a pan T-cell isolation kit/sorted for live CD45+CD3+ cells	True	terminal effector T cells	7.141519	-2.2155693
TGCCCATGTCCGACGT-1	1845.0	841.0	0.024932249	2020-03-18-82	Small (0 < X <= 0.01)	Small (1 < X <= 5)	X2020.03.18.82	Control0082_BM_Tcells	Control0082	Normal	 Bone marrow mononuclear cells (BMMCs)	male	Fresh frozen	CD8+ GZMK+	mononuclear cells	5' Chromium Single Cell	CellRanger v.5.0	19 years	Unassigned	Unassigned	Unassigned	Unassigned	Unassigned	Unassigned	Unassigned	Unassigned	Control young	Aspirate	Normal	GRCh38	enriched using a pan T-cell isolation kit/sorted for live CD45+CD3+ cells	True	terminal effector T cells	2.8654706	-1.1349429
TGCCCATGTGCCTTGG-1	1279.0	656.0	0.021110242	2020-03-18-82	Small (0 < X <= 0.01)	Small (1 < X <= 5)	X2020.03.18.82	Control0082_BM_Tcells	Control0082	Normal	 Bone marrow mononuclear cells (BMMCs)	male	Fresh frozen	CD8+ Cytotoxic	mononuclear cells	5' Chromium Single Cell	CellRanger v.5.0	19 years	Unassigned	Unassigned	Unassigned	Unassigned	Unassigned	Unassigned	Unassigned	Unassigned	Control young	Aspirate	Normal	GRCh38	enriched using a pan T-cell isolation kit/sorted for live CD45+CD3+ cells	True	terminal effector T cells	2.669629	-0.104824655
TGCGCAGAGATATGGT-1	2580.0	1014.0	0.022868218	2020-03-18-82	Small (0 < X <= 0.01)	Single (0 < X <= 1)	X2020.03.18.82	Control0082_BM_Tcells	Control0082	Normal	 Bone marrow mononuclear cells (BMMCs)	male	Fresh frozen	CD8+ Naive	mononuclear cells	5' Chromium Single Cell	CellRanger v.5.0	19 years	Unassigned	Unassigned	Unassigned	Unassigned	Unassigned	Unassigned	Unassigned	Unassigned	Control young	Aspirate	Normal	GRCh38	enriched using a pan T-cell isolation kit/sorted for live CD45+CD3+ cells	True	naive / central memory T cells	-4.1259723	-2.6088142
TGCGCAGCATACTCTT-1	3043.0	1129.0	0.015773907	2020-03-18-82	Small (0 < X <= 0.01)	Single (0 < X <= 1)	X2020.03.18.82	Control0082_BM_Tcells	Control0082	Normal	 Bone marrow mononuclear cells (BMMCs)	male	Fresh frozen	CD4+ central memory T (CD4+ TCM)	mononuclear cells	5' Chromium Single Cell	CellRanger v.5.0	19 years	Unassigned	Unassigned	Unassigned	Unassigned	Unassigned	Unassigned	Unassigned	Unassigned	Control young	Aspirate	Normal	GRCh38	enriched using a pan T-cell isolation kit/sorted for live CD45+CD3+ cells	True	naive / central memory T cells	-5.871291	0.87573314
TGCGCAGTCTATGTGG-1	1855.0	838.0	0.022102427	2020-03-18-82	Small (0 < X <= 0.01)	Single (0 < X <= 1)	X2020.03.18.82	Control0082_BM_Tcells	Control0082	Normal	 Bone marrow mononuclear cells (BMMCs)	male	Fresh frozen	CD8+ GZMK+	mononuclear cells	5' Chromium Single Cell	CellRanger v.5.0	19 years	Unassigned	Unassigned	Unassigned	Unassigned	Unassigned	Unassigned	Unassigned	Unassigned	Control young	Aspirate	Normal	GRCh38	enriched using a pan T-cell isolation kit/sorted for live CD45+CD3+ cells	True	terminal effector T cells	2.6919954	-1.2046703
TGCGCAGTCTGATTCT-1	2266.0	945.0	0.017210944	2020-03-18-82	Small (0 < X <= 0.01)	Medium (5 < X <= 20)	X2020.03.18.82	Control0082_BM_Tcells	Control0082	Normal	 Bone marrow mononuclear cells (BMMCs)	male	Fresh frozen	Gamma-delta T cell (gd T)	mononuclear cells	5' Chromium Single Cell	CellRanger v.5.0	19 years	Unassigned	Unassigned	Unassigned	Unassigned	Unassigned	Unassigned	Unassigned	Unassigned	Control young	Aspirate	Normal	GRCh38	enriched using a pan T-cell isolation kit/sorted for live CD45+CD3+ cells	True	terminal effector T cells	3.2114398	-0.4324317
TGCGGGTAGATCACGG-1	2280.0	1041.0	0.08903509	2020-03-18-82	Small (0 < X <= 0.01)	Single (0 < X <= 1)	X2020.03.18.82	Control0082_BM_Tcells	Control0082	Normal	 Bone marrow mononuclear cells (BMMCs)	male	Fresh frozen	Gamma-delta T cell (gd T)	mononuclear cells	5' Chromium Single Cell	CellRanger v.5.0	19 years	Unassigned	Unassigned	Unassigned	Unassigned	Unassigned	Unassigned	Unassigned	Unassigned	Control young	Aspirate	Normal	GRCh38	enriched using a pan T-cell isolation kit/sorted for live CD45+CD3+ cells	True	terminal effector T cells	-3.28825	-2.931894
TGCGGGTTCACATGCA-1	1622.0	789.0	0.033908755	2020-03-18-82	Small (0 < X <= 0.01)	Small (1 < X <= 5)	X2020.03.18.82	Control0082_BM_Tcells	Control0082	Normal	 Bone marrow mononuclear cells (BMMCs)	male	Fresh frozen	CD8+ GZMK+	mononuclear cells	5' Chromium Single Cell	CellRanger v.5.0	19 years	Unassigned	Unassigned	Unassigned	Unassigned	Unassigned	Unassigned	Unassigned	Unassigned	Control young	Aspirate	Normal	GRCh38	enriched using a pan T-cell isolation kit/sorted for live CD45+CD3+ cells	True	terminal effector T cells	2.6170237	-0.17188095
TGCTACCCATTCCTGC-1	3183.0	1200.0	0.036757775	2020-03-18-82	Small (0 < X <= 0.01)	Single (0 < X <= 1)	X2020.03.18.82	Control0082_BM_Tcells	Control0082	Normal	 Bone marrow mononuclear cells (BMMCs)	male	Fresh frozen	Gamma-delta T cell (gd T)	mononuclear cells	5' Chromium Single Cell	CellRanger v.5.0	19 years	Unassigned	Unassigned	Unassigned	Unassigned	Unassigned	Unassigned	Unassigned	Unassigned	Control young	Aspirate	Normal	GRCh38	enriched using a pan T-cell isolation kit/sorted for live CD45+CD3+ cells	True	terminal effector T cells	6.5592976	-1.2573673
TGCTGCTAGCCAACAG-1	3658.0	1344.0	0.039365772	2020-03-18-82	Small (0 < X <= 0.01)	Single (0 < X <= 1)	X2020.03.18.82	Control0082_BM_Tcells	Control0082	Normal	 Bone marrow mononuclear cells (BMMCs)	male	Fresh frozen	CD8+ tissue-resident memory T (TRM)	mononuclear cells	5' Chromium Single Cell	CellRanger v.5.0	19 years	Unassigned	Unassigned	Unassigned	Unassigned	Unassigned	Unassigned	Unassigned	Unassigned	Control young	Aspirate	Normal	GRCh38	enriched using a pan T-cell isolation kit/sorted for live CD45+CD3+ cells	True	transitional T cells	-0.8495861	0.250722
TGCTGCTCACCATGTA-1	2180.0	1019.0	0.016972477	2020-03-18-82	Small (0 < X <= 0.01)	Small (1 < X <= 5)	X2020.03.18.82	Control0082_BM_Tcells	Control0082	Normal	 Bone marrow mononuclear cells (BMMCs)	male	Fresh frozen	CD8+ NK-like	mononuclear cells	5' Chromium Single Cell	CellRanger v.5.0	19 years	Unassigned	Unassigned	Unassigned	Unassigned	Unassigned	Unassigned	Unassigned	Unassigned	Control young	Aspirate	Normal	GRCh38	enriched using a pan T-cell isolation kit/sorted for live CD45+CD3+ cells	True	terminal effector T cells	5.259912	0.45456362
TGCTGCTGTAGTGAAT-1	1695.0	831.0	0.021828908	2020-03-18-82	Small (0 < X <= 0.01)	Single (0 < X <= 1)	X2020.03.18.82	Control0082_BM_Tcells	Control0082	Normal	 Bone marrow mononuclear cells (BMMCs)	male	Fresh frozen	CD4+ Naive	mononuclear cells	5' Chromium Single Cell	CellRanger v.5.0	19 years	Unassigned	Unassigned	Unassigned	Unassigned	Unassigned	Unassigned	Unassigned	Unassigned	Control young	Aspirate	Normal	GRCh38	enriched using a pan T-cell isolation kit/sorted for live CD45+CD3+ cells	True	naive / central memory T cells	-6.8026237	0.5610212
TGCTGCTGTCTCACCT-1	2278.0	1023.0	0.04565408	2020-03-18-82	Small (0 < X <= 0.01)	Single (0 < X <= 1)	X2020.03.18.82	Control0082_BM_Tcells	Control0082	Normal	 Bone marrow mononuclear cells (BMMCs)	male	Fresh frozen	CD8+ GZMK+	mononuclear cells	5' Chromium Single Cell	CellRanger v.5.0	19 years	Unassigned	Unassigned	Unassigned	Unassigned	Unassigned	Unassigned	Unassigned	Unassigned	Control young	Aspirate	Normal	GRCh38	enriched using a pan T-cell isolation kit/sorted for live CD45+CD3+ cells	True	terminal effector T cells	1.9950502	-0.9247922
TGCTGCTTCGCAAGCC-1	2254.0	1001.0	0.010647737	2020-03-18-82	Small (0 < X <= 0.01)	Single (0 < X <= 1)	X2020.03.18.82	Control0082_BM_Tcells	Control0082	Normal	 Bone marrow mononuclear cells (BMMCs)	male	Fresh frozen	CD8+ Naive	mononuclear cells	5' Chromium Single Cell	CellRanger v.5.0	19 years	Unassigned	Unassigned	Unassigned	Unassigned	Unassigned	Unassigned	Unassigned	Unassigned	Control young	Aspirate	Normal	GRCh38	enriched using a pan T-cell isolation kit/sorted for live CD45+CD3+ cells	True	naive / central memory T cells	-6.977187	-1.722597
TGGCCAGAGTAGCCGA-1	2725.0	1089.0	0.0066055045	2020-03-18-82	Small (0 < X <= 0.01)	Single (0 < X <= 1)	X2020.03.18.82	Control0082_BM_Tcells	Control0082	Normal	 Bone marrow mononuclear cells (BMMCs)	male	Fresh frozen	CD4+ central memory T (CD4+ TCM)	mononuclear cells	5' Chromium Single Cell	CellRanger v.5.0	19 years	Unassigned	Unassigned	Unassigned	Unassigned	Unassigned	Unassigned	Unassigned	Unassigned	Control young	Aspirate	Normal	GRCh38	enriched using a pan T-cell isolation kit/sorted for live CD45+CD3+ cells	True	naive / central memory T cells	-6.9389057	1.2083172
TGGCCAGCATATGGTC-1	2202.0	1007.0	0.0417802	2020-03-18-82	Small (0 < X <= 0.01)	Single (0 < X <= 1)	X2020.03.18.82	Control0082_BM_Tcells	Control0082	Normal	 Bone marrow mononuclear cells (BMMCs)	male	Fresh frozen	Mucosal-associated invariant T (MAIT)	mononuclear cells	5' Chromium Single Cell	CellRanger v.5.0	19 years	Unassigned	Unassigned	Unassigned	Unassigned	Unassigned	Unassigned	Unassigned	Unassigned	Control young	Aspirate	Normal	GRCh38	enriched using a pan T-cell isolation kit/sorted for live CD45+CD3+ cells	True	transitional T cells	-0.510345	3.9365065
TGGCGCACATGCAACT-1	1693.0	781.0	0.025398701	2020-03-18-82	Small (0 < X <= 0.01)	Single (0 < X <= 1)	X2020.03.18.82	Control0082_BM_Tcells	Control0082	Normal	 Bone marrow mononuclear cells (BMMCs)	male	Fresh frozen	CD8+ Cytotoxic	mononuclear cells	5' Chromium Single Cell	CellRanger v.5.0	19 years	Unassigned	Unassigned	Unassigned	Unassigned	Unassigned	Unassigned	Unassigned	Unassigned	Control young	Aspirate	Normal	GRCh38	enriched using a pan T-cell isolation kit/sorted for live CD45+CD3+ cells	True	terminal effector T cells	7.294446	-3.698585
TGGGCGTTCACCCGAG-1	1642.0	839.0	0.06516443	2020-03-18-82	Large (0.01 < X <= 0.1)	Medium (5 < X <= 20)	X2020.03.18.82	Control0082_BM_Tcells	Control0082	Normal	 Bone marrow mononuclear cells (BMMCs)	male	Fresh frozen	CD8+ GZMK+	mononuclear cells	5' Chromium Single Cell	CellRanger v.5.0	19 years	Unassigned	Unassigned	Unassigned	Unassigned	Unassigned	Unassigned	Unassigned	Unassigned	Control young	Aspirate	Normal	GRCh38	enriched using a pan T-cell isolation kit/sorted for live CD45+CD3+ cells	True	terminal effector T cells	2.195552	1.452577
TGGGCGTTCATGTAGC-1	1018.0	584.0	0.05206287	2020-03-18-82	Large (0.01 < X <= 0.1)	Medium (5 < X <= 20)	X2020.03.18.82	Control0082_BM_Tcells	Control0082	Normal	 Bone marrow mononuclear cells (BMMCs)	male	Fresh frozen	CD8+ Cytotoxic	mononuclear cells	5' Chromium Single Cell	CellRanger v.5.0	19 years	Unassigned	Unassigned	Unassigned	Unassigned	Unassigned	Unassigned	Unassigned	Unassigned	Control young	Aspirate	Normal	GRCh38	enriched using a pan T-cell isolation kit/sorted for live CD45+CD3+ cells	True	terminal effector T cells	3.917053	-0.49396515
TGGGCGTTCTATGTGG-1	1433.0	709.0	0.026517795	2020-03-18-82	Small (0 < X <= 0.01)	Medium (5 < X <= 20)	X2020.03.18.82	Control0082_BM_Tcells	Control0082	Normal	 Bone marrow mononuclear cells (BMMCs)	male	Fresh frozen	CD8+ GZMK+	mononuclear cells	5' Chromium Single Cell	CellRanger v.5.0	19 years	Unassigned	Unassigned	Unassigned	Unassigned	Unassigned	Unassigned	Unassigned	Unassigned	Control young	Aspirate	Normal	GRCh38	enriched using a pan T-cell isolation kit/sorted for live CD45+CD3+ cells	True	terminal effector T cells	3.1636038	0.51349777
TGTATTCAGTCTCAAC-1	1377.0	699.0	0.031227306	2020-03-18-82	Small (0 < X <= 0.01)	Small (1 < X <= 5)	X2020.03.18.82	Control0082_BM_Tcells	Control0082	Normal	 Bone marrow mononuclear cells (BMMCs)	male	Fresh frozen	CD8+ tissue-resident memory T (TRM)	mononuclear cells	5' Chromium Single Cell	CellRanger v.5.0	19 years	Unassigned	Unassigned	Unassigned	Unassigned	Unassigned	Unassigned	Unassigned	Unassigned	Control young	Aspirate	Normal	GRCh38	enriched using a pan T-cell isolation kit/sorted for live CD45+CD3+ cells	True	transitional T cells	2.353843	2.160884
TGTATTCCAGACGCCT-1	3328.0	1337.0	0.0234375	2020-03-18-82	Small (0 < X <= 0.01)	Small (1 < X <= 5)	X2020.03.18.82	Control0082_BM_Tcells	Control0082	Normal	 Bone marrow mononuclear cells (BMMCs)	male	Fresh frozen	CD8+ GZMK+	mononuclear cells	5' Chromium Single Cell	CellRanger v.5.0	19 years	Unassigned	Unassigned	Unassigned	Unassigned	Unassigned	Unassigned	Unassigned	Unassigned	Control young	Aspirate	Normal	GRCh38	enriched using a pan T-cell isolation kit/sorted for live CD45+CD3+ cells	True	terminal effector T cells	3.404301	0.5779374
TGTATTCTCCTAGGGC-1	1553.0	771.0	0.017385704	2020-03-18-82	Small (0 < X <= 0.01)	Single (0 < X <= 1)	X2020.03.18.82	Control0082_BM_Tcells	Control0082	Normal	 Bone marrow mononuclear cells (BMMCs)	male	Fresh frozen	CD8+ GZMK+	mononuclear cells	5' Chromium Single Cell	CellRanger v.5.0	19 years	Unassigned	Unassigned	Unassigned	Unassigned	Unassigned	Unassigned	Unassigned	Unassigned	Control young	Aspirate	Normal	GRCh38	enriched using a pan T-cell isolation kit/sorted for live CD45+CD3+ cells	True	terminal effector T cells	1.392008	0.3250113
TGTATTCTCTCATTCA-1	1590.0	759.0	0.027044024	2020-03-18-82	Small (0 < X <= 0.01)	Small (1 < X <= 5)	X2020.03.18.82	Control0082_BM_Tcells	Control0082	Normal	 Bone marrow mononuclear cells (BMMCs)	male	Fresh frozen	CD8+ GZMK+	mononuclear cells	5' Chromium Single Cell	CellRanger v.5.0	19 years	Unassigned	Unassigned	Unassigned	Unassigned	Unassigned	Unassigned	Unassigned	Unassigned	Control young	Aspirate	Normal	GRCh38	enriched using a pan T-cell isolation kit/sorted for live CD45+CD3+ cells	True	terminal effector T cells	2.6012719	2.2555358
TGTCCCAAGATGAGAG-1	1737.0	868.0	0.03511802	2020-03-18-82	Small (0 < X <= 0.01)	Single (0 < X <= 1)	X2020.03.18.82	Control0082_BM_Tcells	Control0082	Normal	 Bone marrow mononuclear cells (BMMCs)	male	Fresh frozen	Mucosal-associated invariant T (MAIT)	mononuclear cells	5' Chromium Single Cell	CellRanger v.5.0	19 years	Unassigned	Unassigned	Unassigned	Unassigned	Unassigned	Unassigned	Unassigned	Unassigned	Control young	Aspirate	Normal	GRCh38	enriched using a pan T-cell isolation kit/sorted for live CD45+CD3+ cells	True	transitional T cells	7.6282153	-3.9035344
TGTCCCACACGTAAGG-1	1557.0	763.0	0.016056519	2020-03-18-82	Small (0 < X <= 0.01)	Small (1 < X <= 5)	X2020.03.18.82	Control0082_BM_Tcells	Control0082	Normal	 Bone marrow mononuclear cells (BMMCs)	male	Fresh frozen	CD8+ Cytotoxic	mononuclear cells	5' Chromium Single Cell	CellRanger v.5.0	19 years	Unassigned	Unassigned	Unassigned	Unassigned	Unassigned	Unassigned	Unassigned	Unassigned	Control young	Aspirate	Normal	GRCh38	enriched using a pan T-cell isolation kit/sorted for live CD45+CD3+ cells	True	terminal effector T cells	2.975321	-1.0758604
TGTGGTATCGTAGGAG-1	2951.0	1276.0	0.013554728	2020-03-18-82	Small (0 < X <= 0.01)	Single (0 < X <= 1)	X2020.03.18.82	Control0082_BM_Tcells	Control0082	Normal	 Bone marrow mononuclear cells (BMMCs)	male	Fresh frozen	CD4+ central memory T (CD4+ TCM)	mononuclear cells	5' Chromium Single Cell	CellRanger v.5.0	19 years	Unassigned	Unassigned	Unassigned	Unassigned	Unassigned	Unassigned	Unassigned	Unassigned	Control young	Aspirate	Normal	GRCh38	enriched using a pan T-cell isolation kit/sorted for live CD45+CD3+ cells	True	naive / central memory T cells	-5.927075	2.3667033
TGTGTTTAGGTGCTTT-1	1918.0	835.0	0.03806048	2020-03-18-82	Small (0 < X <= 0.01)	Single (0 < X <= 1)	X2020.03.18.82	Control0082_BM_Tcells	Control0082	Normal	 Bone marrow mononuclear cells (BMMCs)	male	Fresh frozen	CD4+ central memory T (CD4+ TCM)	mononuclear cells	5' Chromium Single Cell	CellRanger v.5.0	19 years	Unassigned	Unassigned	Unassigned	Unassigned	Unassigned	Unassigned	Unassigned	Unassigned	Control young	Aspirate	Normal	GRCh38	enriched using a pan T-cell isolation kit/sorted for live CD45+CD3+ cells	True	naive / central memory T cells	-5.539388	2.045057
TGTGTTTTCTGGGCCA-1	1913.0	837.0	0.03554626	2020-03-18-82	Small (0 < X <= 0.01)	Single (0 < X <= 1)	X2020.03.18.82	Control0082_BM_Tcells	Control0082	Normal	 Bone marrow mononuclear cells (BMMCs)	male	Fresh frozen	CD8+ Cytotoxic	mononuclear cells	5' Chromium Single Cell	CellRanger v.5.0	19 years	Unassigned	Unassigned	Unassigned	Unassigned	Unassigned	Unassigned	Unassigned	Unassigned	Control young	Aspirate	Normal	GRCh38	enriched using a pan T-cell isolation kit/sorted for live CD45+CD3+ cells	True	terminal effector T cells	7.643737	-3.9851003
TGTTCCGCACCATGTA-1	1818.0	785.0	0.012651265	2020-03-18-82	Small (0 < X <= 0.01)	Small (1 < X <= 5)	X2020.03.18.82	Control0082_BM_Tcells	Control0082	Normal	 Bone marrow mononuclear cells (BMMCs)	male	Fresh frozen	CD8+ NK-like	mononuclear cells	5' Chromium Single Cell	CellRanger v.5.0	19 years	Unassigned	Unassigned	Unassigned	Unassigned	Unassigned	Unassigned	Unassigned	Unassigned	Control young	Aspirate	Normal	GRCh38	enriched using a pan T-cell isolation kit/sorted for live CD45+CD3+ cells	True	terminal effector T cells	4.8796463	1.5109508
TGTTCCGGTAAGGGAA-1	2341.0	1000.0	0.017513882	2020-03-18-82	Small (0 < X <= 0.01)	Single (0 < X <= 1)	X2020.03.18.82	Control0082_BM_Tcells	Control0082	Normal	 Bone marrow mononuclear cells (BMMCs)	male	Fresh frozen	Mucosal-associated invariant T (MAIT)	mononuclear cells	5' Chromium Single Cell	CellRanger v.5.0	19 years	Unassigned	Unassigned	Unassigned	Unassigned	Unassigned	Unassigned	Unassigned	Unassigned	Control young	Aspirate	Normal	GRCh38	enriched using a pan T-cell isolation kit/sorted for live CD45+CD3+ cells	True	transitional T cells	-1.1519067	4.3787065
TGTTCCGGTCTAGAGG-1	2995.0	1269.0	0.026377296	2020-03-18-82	Small (0 < X <= 0.01)	Medium (5 < X <= 20)	X2020.03.18.82	Control0082_BM_Tcells	Control0082	Normal	 Bone marrow mononuclear cells (BMMCs)	male	Fresh frozen	Mucosal-associated invariant T (MAIT)	mononuclear cells	5' Chromium Single Cell	CellRanger v.5.0	19 years	Unassigned	Unassigned	Unassigned	Unassigned	Unassigned	Unassigned	Unassigned	Unassigned	Control young	Aspirate	Normal	GRCh38	enriched using a pan T-cell isolation kit/sorted for live CD45+CD3+ cells	True	transitional T cells	7.349904	-2.6561244
TTAACTCTCGTTACAG-1	2033.0	895.0	0.060009837	2020-03-18-82	Small (0 < X <= 0.01)	Small (1 < X <= 5)	X2020.03.18.82	Control0082_BM_Tcells	Control0082	Normal	 Bone marrow mononuclear cells (BMMCs)	male	Fresh frozen	CD8+ NK-like	mononuclear cells	5' Chromium Single Cell	CellRanger v.5.0	19 years	Unassigned	Unassigned	Unassigned	Unassigned	Unassigned	Unassigned	Unassigned	Unassigned	Control young	Aspirate	Normal	GRCh38	enriched using a pan T-cell isolation kit/sorted for live CD45+CD3+ cells	True	terminal effector T cells	4.5649977	1.2026665
TTAGTTCAGTGTTTGC-1	1904.0	883.0	0.038865548	2020-03-18-82	Small (0 < X <= 0.01)	Medium (5 < X <= 20)	X2020.03.18.82	Control0082_BM_Tcells	Control0082	Normal	 Bone marrow mononuclear cells (BMMCs)	male	Fresh frozen	CD8+ Cytotoxic	mononuclear cells	5' Chromium Single Cell	CellRanger v.5.0	19 years	Unassigned	Unassigned	Unassigned	Unassigned	Unassigned	Unassigned	Unassigned	Unassigned	Control young	Aspirate	Normal	GRCh38	enriched using a pan T-cell isolation kit/sorted for live CD45+CD3+ cells	True	terminal effector T cells	7.7661777	-3.9531417
TTATGCTAGTGACTCT-1	1494.0	771.0	0.033467203	2020-03-18-82	Small (0 < X <= 0.01)	Single (0 < X <= 1)	X2020.03.18.82	Control0082_BM_Tcells	Control0082	Normal	 Bone marrow mononuclear cells (BMMCs)	male	Fresh frozen	Gamma-delta T cell (gd T)	mononuclear cells	5' Chromium Single Cell	CellRanger v.5.0	19 years	Unassigned	Unassigned	Unassigned	Unassigned	Unassigned	Unassigned	Unassigned	Unassigned	Control young	Aspirate	Normal	GRCh38	enriched using a pan T-cell isolation kit/sorted for live CD45+CD3+ cells	True	terminal effector T cells	7.093364	-3.5438747
TTCCCAGAGATACACA-1	1883.0	951.0	0.043016464	2020-03-18-82	Small (0 < X <= 0.01)	Single (0 < X <= 1)	X2020.03.18.82	Control0082_BM_Tcells	Control0082	Normal	 Bone marrow mononuclear cells (BMMCs)	male	Fresh frozen	CD4+ Activated	mononuclear cells	5' Chromium Single Cell	CellRanger v.5.0	19 years	Unassigned	Unassigned	Unassigned	Unassigned	Unassigned	Unassigned	Unassigned	Unassigned	Control young	Aspirate	Normal	GRCh38	enriched using a pan T-cell isolation kit/sorted for live CD45+CD3+ cells	True	naive / central memory T cells	1.9351051	1.4334831
TTCCCAGAGGTGCTTT-1	2012.0	868.0	0.036282305	2020-03-18-82	Small (0 < X <= 0.01)	Single (0 < X <= 1)	X2020.03.18.82	Control0082_BM_Tcells	Control0082	Normal	 Bone marrow mononuclear cells (BMMCs)	male	Fresh frozen	Gamma-delta T cell (gd T)	mononuclear cells	5' Chromium Single Cell	CellRanger v.5.0	19 years	Unassigned	Unassigned	Unassigned	Unassigned	Unassigned	Unassigned	Unassigned	Unassigned	Control young	Aspirate	Normal	GRCh38	enriched using a pan T-cell isolation kit/sorted for live CD45+CD3+ cells	True	terminal effector T cells	-0.79767966	0.71757805
TTCCCAGCATCCTTGC-1	2987.0	1186.0	0.017073987	2020-03-18-82	Small (0 < X <= 0.01)	Single (0 < X <= 1)	X2020.03.18.82	Control0082_BM_Tcells	Control0082	Normal	 Bone marrow mononuclear cells (BMMCs)	male	Fresh frozen	CD4+ central memory T (CD4+ TCM)	mononuclear cells	5' Chromium Single Cell	CellRanger v.5.0	19 years	Unassigned	Unassigned	Unassigned	Unassigned	Unassigned	Unassigned	Unassigned	Unassigned	Control young	Aspirate	Normal	GRCh38	enriched using a pan T-cell isolation kit/sorted for live CD45+CD3+ cells	True	naive / central memory T cells	-5.2518435	2.6815224
TTCCCAGGTCTAACGT-1	1251.0	619.0	0.04396483	2020-03-18-82	Small (0 < X <= 0.01)	Single (0 < X <= 1)	X2020.03.18.82	Control0082_BM_Tcells	Control0082	Normal	 Bone marrow mononuclear cells (BMMCs)	male	Fresh frozen	CD8+ Cytotoxic	mononuclear cells	5' Chromium Single Cell	CellRanger v.5.0	19 years	Unassigned	Unassigned	Unassigned	Unassigned	Unassigned	Unassigned	Unassigned	Unassigned	Control young	Aspirate	Normal	GRCh38	enriched using a pan T-cell isolation kit/sorted for live CD45+CD3+ cells	True	terminal effector T cells	7.621558	-3.9666424
TTCGAAGGTAGAGTGC-1	1289.0	675.0	0.08766486	2020-03-18-82	Small (0 < X <= 0.01)	Single (0 < X <= 1)	X2020.03.18.82	Control0082_BM_Tcells	Control0082	Normal	 Bone marrow mononuclear cells (BMMCs)	male	Fresh frozen	Gamma-delta T cell (gd T)	mononuclear cells	5' Chromium Single Cell	CellRanger v.5.0	19 years	Unassigned	Unassigned	Unassigned	Unassigned	Unassigned	Unassigned	Unassigned	Unassigned	Control young	Aspirate	Normal	GRCh38	enriched using a pan T-cell isolation kit/sorted for live CD45+CD3+ cells	True	terminal effector T cells	6.842323	-2.8876889
TTCGGTCGTTAGGGTG-1	1720.0	814.0	0.024418605	2020-03-18-82	Small (0 < X <= 0.01)	Single (0 < X <= 1)	X2020.03.18.82	Control0082_BM_Tcells	Control0082	Normal	 Bone marrow mononuclear cells (BMMCs)	male	Fresh frozen	Gamma-delta T cell (gd T)	mononuclear cells	5' Chromium Single Cell	CellRanger v.5.0	19 years	Unassigned	Unassigned	Unassigned	Unassigned	Unassigned	Unassigned	Unassigned	Unassigned	Control young	Aspirate	Normal	GRCh38	enriched using a pan T-cell isolation kit/sorted for live CD45+CD3+ cells	True	terminal effector T cells	-5.075526	-2.0446138
TTCTACAGTAGCGTGA-1	3464.0	1471.0	0.024249423	2020-03-18-82	Small (0 < X <= 0.01)	Single (0 < X <= 1)	X2020.03.18.82	Control0082_BM_Tcells	Control0082	Normal	 Bone marrow mononuclear cells (BMMCs)	male	Fresh frozen	CD8+ NK-like	mononuclear cells	5' Chromium Single Cell	CellRanger v.5.0	19 years	Unassigned	Unassigned	Unassigned	Unassigned	Unassigned	Unassigned	Unassigned	Unassigned	Control young	Aspirate	Normal	GRCh38	enriched using a pan T-cell isolation kit/sorted for live CD45+CD3+ cells	True	terminal effector T cells	5.315685	0.77645826
TTCTCCTCACCATGTA-1	1837.0	854.0	0.012520414	2020-03-18-82	Small (0 < X <= 0.01)	Single (0 < X <= 1)	X2020.03.18.82	Control0082_BM_Tcells	Control0082	Normal	 Bone marrow mononuclear cells (BMMCs)	male	Fresh frozen	CD8+ tissue-resident memory T (TRM)	mononuclear cells	5' Chromium Single Cell	CellRanger v.5.0	19 years	Unassigned	Unassigned	Unassigned	Unassigned	Unassigned	Unassigned	Unassigned	Unassigned	Control young	Aspirate	Normal	GRCh38	enriched using a pan T-cell isolation kit/sorted for live CD45+CD3+ cells	True	transitional T cells	-0.113862045	-0.58109355
TTCTCCTCAGATTGCT-1	2562.0	1194.0	0.018735362	2020-03-18-82	Small (0 < X <= 0.01)	Single (0 < X <= 1)	X2020.03.18.82	Control0082_BM_Tcells	Control0082	Normal	 Bone marrow mononuclear cells (BMMCs)	male	Fresh frozen	Gamma-delta T cell (gd T)	mononuclear cells	5' Chromium Single Cell	CellRanger v.5.0	19 years	Unassigned	Unassigned	Unassigned	Unassigned	Unassigned	Unassigned	Unassigned	Unassigned	Control young	Aspirate	Normal	GRCh38	enriched using a pan T-cell isolation kit/sorted for live CD45+CD3+ cells	True	terminal effector T cells	-5.3026943	-2.8583043
TTCTCCTGTCCCTTGT-1	1269.0	637.0	0.02679275	2020-03-18-82	Small (0 < X <= 0.01)	Small (1 < X <= 5)	X2020.03.18.82	Control0082_BM_Tcells	Control0082	Normal	 Bone marrow mononuclear cells (BMMCs)	male	Fresh frozen	CD4+ central memory T (CD4+ TCM)	mononuclear cells	5' Chromium Single Cell	CellRanger v.5.0	19 years	Unassigned	Unassigned	Unassigned	Unassigned	Unassigned	Unassigned	Unassigned	Unassigned	Control young	Aspirate	Normal	GRCh38	enriched using a pan T-cell isolation kit/sorted for live CD45+CD3+ cells	True	naive / central memory T cells	-5.035887	-1.933601
TTCTCCTGTTATGTGC-1	5203.0	1672.0	0.011147415	2020-03-18-82	Small (0 < X <= 0.01)	Single (0 < X <= 1)	X2020.03.18.82	Control0082_BM_Tcells	Control0082	Normal	 Bone marrow mononuclear cells (BMMCs)	male	Fresh frozen	CD8+ Naive	mononuclear cells	5' Chromium Single Cell	CellRanger v.5.0	19 years	Unassigned	Unassigned	Unassigned	Unassigned	Unassigned	Unassigned	Unassigned	Unassigned	Control young	Aspirate	Normal	GRCh38	enriched using a pan T-cell isolation kit/sorted for live CD45+CD3+ cells	True	naive / central memory T cells	-6.078141	1.4461737
TTCTCCTGTTCAGACT-1	1577.0	853.0	0.02346227	2020-03-18-82	Small (0 < X <= 0.01)	Small (1 < X <= 5)	X2020.03.18.82	Control0082_BM_Tcells	Control0082	Normal	 Bone marrow mononuclear cells (BMMCs)	male	Fresh frozen	CD8+ Cytotoxic	mononuclear cells	5' Chromium Single Cell	CellRanger v.5.0	19 years	Unassigned	Unassigned	Unassigned	Unassigned	Unassigned	Unassigned	Unassigned	Unassigned	Control young	Aspirate	Normal	GRCh38	enriched using a pan T-cell isolation kit/sorted for live CD45+CD3+ cells	True	terminal effector T cells	7.4805713	-3.7848325
TTCTCCTTCTGTTGAG-1	2077.0	1013.0	0.03948002	2020-03-18-82	Small (0 < X <= 0.01)	Small (1 < X <= 5)	X2020.03.18.82	Control0082_BM_Tcells	Control0082	Normal	 Bone marrow mononuclear cells (BMMCs)	male	Fresh frozen	CD8+ GZMK+	mononuclear cells	5' Chromium Single Cell	CellRanger v.5.0	19 years	Unassigned	Unassigned	Unassigned	Unassigned	Unassigned	Unassigned	Unassigned	Unassigned	Control young	Aspirate	Normal	GRCh38	enriched using a pan T-cell isolation kit/sorted for live CD45+CD3+ cells	True	terminal effector T cells	3.1799543	0.8307004
TTCTTAGCATCCTTGC-1	1503.0	777.0	0.020625416	2020-03-18-82	Small (0 < X <= 0.01)	Single (0 < X <= 1)	X2020.03.18.82	Control0082_BM_Tcells	Control0082	Normal	 Bone marrow mononuclear cells (BMMCs)	male	Fresh frozen	CD8+ GZMK+	mononuclear cells	5' Chromium Single Cell	CellRanger v.5.0	19 years	Unassigned	Unassigned	Unassigned	Unassigned	Unassigned	Unassigned	Unassigned	Unassigned	Control young	Aspirate	Normal	GRCh38	enriched using a pan T-cell isolation kit/sorted for live CD45+CD3+ cells	True	terminal effector T cells	0.48493198	-0.6858852
TTCTTAGGTGATGTCT-1	1393.0	701.0	0.03517588	2020-03-18-82	Small (0 < X <= 0.01)	Small (1 < X <= 5)	X2020.03.18.82	Control0082_BM_Tcells	Control0082	Normal	 Bone marrow mononuclear cells (BMMCs)	male	Fresh frozen	CD8+ GZMK+	mononuclear cells	5' Chromium Single Cell	CellRanger v.5.0	19 years	Unassigned	Unassigned	Unassigned	Unassigned	Unassigned	Unassigned	Unassigned	Unassigned	Control young	Aspirate	Normal	GRCh38	enriched using a pan T-cell isolation kit/sorted for live CD45+CD3+ cells	True	terminal effector T cells	1.9729403	-0.41724253
TTCTTAGTCCAAATGC-1	1192.0	652.0	0.019295301	2020-03-18-82	Small (0 < X <= 0.01)	Single (0 < X <= 1)	X2020.03.18.82	Control0082_BM_Tcells	Control0082	Normal	 Bone marrow mononuclear cells (BMMCs)	male	Fresh frozen	CD4+ central memory T (CD4+ TCM)	mononuclear cells	5' Chromium Single Cell	CellRanger v.5.0	19 years	Unassigned	Unassigned	Unassigned	Unassigned	Unassigned	Unassigned	Unassigned	Unassigned	Control young	Aspirate	Normal	GRCh38	enriched using a pan T-cell isolation kit/sorted for live CD45+CD3+ cells	True	naive / central memory T cells	-4.701798	-0.47928965
TTGAACGCACCAGGCT-1	2496.0	1025.0	0.01963141	2020-03-18-82	Small (0 < X <= 0.01)	Single (0 < X <= 1)	X2020.03.18.82	Control0082_BM_Tcells	Control0082	Normal	 Bone marrow mononuclear cells (BMMCs)	male	Fresh frozen	Gamma-delta T cell (gd T)	mononuclear cells	5' Chromium Single Cell	CellRanger v.5.0	19 years	Unassigned	Unassigned	Unassigned	Unassigned	Unassigned	Unassigned	Unassigned	Unassigned	Control young	Aspirate	Normal	GRCh38	enriched using a pan T-cell isolation kit/sorted for live CD45+CD3+ cells	True	terminal effector T cells	-5.8582025	2.1401274
TTGACTTCAGGCTCAC-1	1832.0	888.0	0.06441048	2020-03-18-82	Small (0 < X <= 0.01)	Single (0 < X <= 1)	X2020.03.18.82	Control0082_BM_Tcells	Control0082	Normal	 Bone marrow mononuclear cells (BMMCs)	male	Fresh frozen	CD8+ tissue-resident memory T (TRM)	mononuclear cells	5' Chromium Single Cell	CellRanger v.5.0	19 years	Unassigned	Unassigned	Unassigned	Unassigned	Unassigned	Unassigned	Unassigned	Unassigned	Control young	Aspirate	Normal	GRCh38	enriched using a pan T-cell isolation kit/sorted for live CD45+CD3+ cells	True	transitional T cells	-0.11584217	-0.46273124
TTGCCGTAGGGATACC-1	2102.0	896.0	0.01284491	2020-03-18-82	Small (0 < X <= 0.01)	Single (0 < X <= 1)	X2020.03.18.82	Control0082_BM_Tcells	Control0082	Normal	 Bone marrow mononuclear cells (BMMCs)	male	Fresh frozen	CD4+ Naive	mononuclear cells	5' Chromium Single Cell	CellRanger v.5.0	19 years	Unassigned	Unassigned	Unassigned	Unassigned	Unassigned	Unassigned	Unassigned	Unassigned	Control young	Aspirate	Normal	GRCh38	enriched using a pan T-cell isolation kit/sorted for live CD45+CD3+ cells	True	naive / central memory T cells	-6.634906	0.6480311
TTGCCGTGTGCTCTTC-1	2258.0	1147.0	0.01992914	2020-03-18-82	Small (0 < X <= 0.01)	Single (0 < X <= 1)	X2020.03.18.82	Control0082_BM_Tcells	Control0082	Normal	 Bone marrow mononuclear cells (BMMCs)	male	Fresh frozen	CD8+ Naive	mononuclear cells	5' Chromium Single Cell	CellRanger v.5.0	19 years	Unassigned	Unassigned	Unassigned	Unassigned	Unassigned	Unassigned	Unassigned	Unassigned	Control young	Aspirate	Normal	GRCh38	enriched using a pan T-cell isolation kit/sorted for live CD45+CD3+ cells	True	naive / central memory T cells	-4.86687	-2.9708793
TTGCCGTTCTGCTGTC-1	1511.0	706.0	0.0132362675	2020-03-18-82	Small (0 < X <= 0.01)	Single (0 < X <= 1)	X2020.03.18.82	Control0082_BM_Tcells	Control0082	Normal	 Bone marrow mononuclear cells (BMMCs)	male	Fresh frozen	CD8+ Naive	mononuclear cells	5' Chromium Single Cell	CellRanger v.5.0	19 years	Unassigned	Unassigned	Unassigned	Unassigned	Unassigned	Unassigned	Unassigned	Unassigned	Control young	Aspirate	Normal	GRCh38	enriched using a pan T-cell isolation kit/sorted for live CD45+CD3+ cells	True	naive / central memory T cells	-4.4145217	-2.583497
TTGGAACGTCGGCATC-1	2329.0	1026.0	0.05152426	2020-03-18-82	Small (0 < X <= 0.01)	Single (0 < X <= 1)	X2020.03.18.82	Control0082_BM_Tcells	Control0082	Normal	 Bone marrow mononuclear cells (BMMCs)	male	Fresh frozen	CD8+ Naive	mononuclear cells	5' Chromium Single Cell	CellRanger v.5.0	19 years	Unassigned	Unassigned	Unassigned	Unassigned	Unassigned	Unassigned	Unassigned	Unassigned	Control young	Aspirate	Normal	GRCh38	enriched using a pan T-cell isolation kit/sorted for live CD45+CD3+ cells	True	naive / central memory T cells	-3.5866685	-2.708891
TTGTAGGCATGCATGT-1	2468.0	943.0	0.012965964	2020-03-18-82	Small (0 < X <= 0.01)	Single (0 < X <= 1)	X2020.03.18.82	Control0082_BM_Tcells	Control0082	Normal	 Bone marrow mononuclear cells (BMMCs)	male	Fresh frozen	Regulatory T cell (Treg)	mononuclear cells	5' Chromium Single Cell	CellRanger v.5.0	19 years	Unassigned	Unassigned	Unassigned	Unassigned	Unassigned	Unassigned	Unassigned	Unassigned	Control young	Aspirate	Normal	GRCh38	enriched using a pan T-cell isolation kit/sorted for live CD45+CD3+ cells	True	naive / central memory T cells	-4.717326	4.2913947
TTTCCTCCAACAACCT-1	2869.0	1103.0	0.032066923	2020-03-18-82	Small (0 < X <= 0.01)	Single (0 < X <= 1)	X2020.03.18.82	Control0082_BM_Tcells	Control0082	Normal	 Bone marrow mononuclear cells (BMMCs)	male	Fresh frozen	CD8+ Naive	mononuclear cells	5' Chromium Single Cell	CellRanger v.5.0	19 years	Unassigned	Unassigned	Unassigned	Unassigned	Unassigned	Unassigned	Unassigned	Unassigned	Control young	Aspirate	Normal	GRCh38	enriched using a pan T-cell isolation kit/sorted for live CD45+CD3+ cells	True	naive / central memory T cells	-2.783976	-2.3857841
TTTGCGCTCACAACGT-1	2482.0	1110.0	0.05076551	2020-03-18-82	Small (0 < X <= 0.01)	Small (1 < X <= 5)	X2020.03.18.82	Control0082_BM_Tcells	Control0082	Normal	 Bone marrow mononuclear cells (BMMCs)	male	Fresh frozen	Gamma-delta T cell (gd T)	mononuclear cells	5' Chromium Single Cell	CellRanger v.5.0	19 years	Unassigned	Unassigned	Unassigned	Unassigned	Unassigned	Unassigned	Unassigned	Unassigned	Control young	Aspirate	Normal	GRCh38	enriched using a pan T-cell isolation kit/sorted for live CD45+CD3+ cells	True	terminal effector T cells	6.599657	-1.8875808
TTTGCGCTCAGCTCTC-1	1473.0	715.0	0.025118805	2020-03-18-82	Small (0 < X <= 0.01)	Single (0 < X <= 1)	X2020.03.18.82	Control0082_BM_Tcells	Control0082	Normal	 Bone marrow mononuclear cells (BMMCs)	male	Fresh frozen	CD4+ Naive	mononuclear cells	5' Chromium Single Cell	CellRanger v.5.0	19 years	Unassigned	Unassigned	Unassigned	Unassigned	Unassigned	Unassigned	Unassigned	Unassigned	Control young	Aspirate	Normal	GRCh38	enriched using a pan T-cell isolation kit/sorted for live CD45+CD3+ cells	True	naive / central memory T cells	-3.5247602	-1.942062
TTTGGTTCATCCTTGC-1	3378.0	965.0	0.03641208	2020-03-18-82	Small (0 < X <= 0.01)	Single (0 < X <= 1)	X2020.03.18.82	Control0082_BM_Tcells	Control0082	Normal	 Bone marrow mononuclear cells (BMMCs)	male	Fresh frozen	CD8+ Naive	mononuclear cells	5' Chromium Single Cell	CellRanger v.5.0	19 years	Unassigned	Unassigned	Unassigned	Unassigned	Unassigned	Unassigned	Unassigned	Unassigned	Control young	Aspirate	Normal	GRCh38	enriched using a pan T-cell isolation kit/sorted for live CD45+CD3+ cells	True	naive / central memory T cells	-5.8063297	-0.46018434
TTTGGTTGTCATCGGC-1	1616.0	794.0	0.01980198	2020-03-18-82	Small (0 < X <= 0.01)	Small (1 < X <= 5)	X2020.03.18.82	Control0082_BM_Tcells	Control0082	Normal	 Bone marrow mononuclear cells (BMMCs)	male	Fresh frozen	CD8+ GZMK+	mononuclear cells	5' Chromium Single Cell	CellRanger v.5.0	19 years	Unassigned	Unassigned	Unassigned	Unassigned	Unassigned	Unassigned	Unassigned	Unassigned	Control young	Aspirate	Normal	GRCh38	enriched using a pan T-cell isolation kit/sorted for live CD45+CD3+ cells	True	terminal effector T cells	2.8560324	1.7070065
TTTGGTTTCAGTCAGT-1	1698.0	814.0	0.08480565	2020-03-18-82	Small (0 < X <= 0.01)	Single (0 < X <= 1)	X2020.03.18.82	Control0082_BM_Tcells	Control0082	Normal	 Bone marrow mononuclear cells (BMMCs)	male	Fresh frozen	CD8+ NK-like	mononuclear cells	5' Chromium Single Cell	CellRanger v.5.0	19 years	Unassigned	Unassigned	Unassigned	Unassigned	Unassigned	Unassigned	Unassigned	Unassigned	Control young	Aspirate	Normal	GRCh38	enriched using a pan T-cell isolation kit/sorted for live CD45+CD3+ cells	True	terminal effector T cells	4.047103	1.2595142
